VAN ALMODISGHER Pomm UNI) mm.

8111, Im 111111 9111111, 11 9111 1111111,

11 1911111 de 111111 11111111 1111111
1051111111 ik 1111111 1111 praten 11111 111111 19111111,

11 111 ik 111111 111 1111 1111111 1111111

111 1111111111 1111111911 11111111 11111

und 111 1111111 up 1111 1111 1111111111.

1111 de 111111, 1111111 1111111 111 111111,
11111111 11111111 1111111111 1111 9111111111

1111 1111111 111 9111111 11111111 19911111111,

111 111111 111 111 11111111 1111 11 111111 11111111

11 1111911 1111 up 1111111 1111111

1111111111 9111111111, 1111 1111111111 111111· 1111111
1151111 911911111911 111 Hippocrene

111 1111 11111111 up 11 1111.

111 11111 1111191111, de 1111111 1111 11911,

1111 111· 111 carm 11111111 11 1111111 1111119111,

11 9111111 111 11111111 9111111,

111 111191 111 1111 selden 1111 1111111 11111111
1111 111111, 1111111 91111111191111111111,
111111 dre 11111 1111111911 111111 11111,
1111 11111111 1111111111 1111111111,
1111111111 dn'a'cker 1111111 11111 91111111.

115 1111111111 91111111 111 11 111 911111
111 111111 studeret, 1111111191 111 dat?

Seet 11111, 1111111111 111 111 11111111 9111111111
und 1111111111 1111111 11111111191111.
111111 91 11 11111 11111119 1111111111,

1301111111191 11111111 111 11111111,
1111191111 1111 111 1111111 111111911
11111111 1111111911 11 erem 111911,

1111 111 1111 11 cyrrha 91111111,
111 111 1111111 1111111 11 11 111111 11111.

135111 11111, 9111111111 11111 1111111 1111111
111 einer 11111 111111 11111111111,

111 111 111111111111111111 1111191111111. ”
811111 11111 11111111, 11111111 11111 1111111111
11 11 11 1119111111· 111 111111 111111 1111,
11111111 quam 11 1111 11111111 1111

57

 

