5511555555. ’ 113

11151. 640. 666. ΠΙ. 244.
blank 51155556, 11511 Ν. 262. 61551 borget 51.Π.61. 1511. 65. 6111351151.
556151, vom 5556155565555115155. Π. 54. 721. 6515511156 5. Π. 59.
6151155 6111155 11 10. 5, 97. 661151565511151 1. II. 61.
1115115 1. 61515115. 65 1565511111151 1151111 1565615511 Π. 666.

111 (15161515 15151155, von 515515 651551. 1511165111 1100. 6511111220.

menschen 11111 1565151565 go· 7, 66 .

1156111565 Ι. 166. 6515 1115115, 6515 1156511461.
611151 116626. 651511 15551 munchen, 1511551665. ,
611155 15155 Π,176*. 611115 115 (15 rupen 6. dio 155555 151511

lopo 1. 51511. , 151151 15116155 IV. 181.
6151124. 1. 61551. ,6565161551 5. 6191. -115511151
6151155 615155, 5511151556, 17. 11509. -155 1.8,176.
11115, 1511. 1115. bove 5. 1.1.11. 551. 11. 515. &mm
bloin 1. 11111155 11, 66. 615115 1. 115155, 5111151, 5155 ange·
6155151551 1155115111, 5561151111672. 5551561555 15115111. 51515155-

6, 21. (15551 1151155 Π. 176. 61565
blot 6156, 55511 Π. 62. 66. 747611 615155 6, 16. ’
615155 5516111555 fl. 647. 6151 gut, 11156111, 156651 262. 260.
61551555151 1, 41. 5 6115111 1116. 11 577.Ι 592. 776..111101.5,19.

6151555151. 6, 66. hequem 4‚146.

6155115. 515 6151151, 115111 6,112. 61515155 5116511151115155,151511515-

164. 6,15.41. 5155155195. 651151151155 Ῑ. 94. Π. 621. 615-
6155115115155 61511511151155 Π, 72. 15155 gaha 11. 242.

65511515 15. 1511551 146. 511111. 61551511. 476 515565551151-
65115 1. 611111Π. 641. 1v. 449. 1. 65511 11515 6, 50.

65555. 61551156. 2. IV. 444470. 61551·-
65 651 151511. 1 111 ΙΠ. 625. randig Π. 5971. ’
6655156655111190. 66551155561 615155 51151115 1v. 162. 426. 1172.

15. 11151155561Π. 65. angl. 61515.

65355 655155 Π. 646. 111 66155 6151556151119166.555565155164.

5516115551. 660. 11. 110. 160. 61515115 1. Π. 584.

65511 5. 65511 IV. 646566. -binder brie 51. 6151156. 16. IV· 566.
. Β.101.-561151,611(15151.2,6*.154. 6151151115 Π. 221. IV. 266.

11,6. 5111515151. 1v. 260. -5111 6153155155 51. 2, 1061. 7, 44.

Ι5. 6551115651. 166. 615115165115151. 2, 61.
65155655561561515Ν.464.11.106. 615115 1. 6515, 65151151151 1. 406.
6515155 5. B. 127. Π. 6641 617. ΠΙ. 622 -Π, 561.
11511151.2, 6⁸. 617. ΙΠ. 106. IV· 49. 1, 212. 6,
6515 1. 65615 4, 151. 62. 141. 11, 20.

11511155 11115155 9, 104. 61511111 11111 Π. 661. ΙΠ. 619. IV.
655515156151556.1.602*. val. 424.

115155159511. 1666. 61111155 15115151, 555115 Π. 16. 2,
burge 51. Π. 769. 96. 6, 66. *Im 1551561611 151-
65115-,65135-,65131551515151 Π. 1111551156 7, 67. 611111 dine 515515

mmmm. 16

 

