1617616606.

1111666116 adj. 6111161611 ll. 333.

1111111111 11. 666. 1. 1111111111.

1111116111111111 661111111111111 111.
420.

werstanum, eber 111. 213. 17. 21.

681. Β. 103 6.

1111161111 6111111111 17. 6.

1111116616 6111111611111. 364.

111111 rem 111. 1111 1111113 1. 369.

6111 m. 1111111111111111, 111111 111-
161111611 11, 11.

611111111111111 440. 1161111111
11111111, 111111 17. 273.

6161 11. 11113, 37.

6161111111 1111166611. vgl. neupee
111. 11, 63 11. ·

bader m. b. 1161161111 ΠΙ. 464.

hage 11111111 Β. 16. 7, 7. 6611611111
6, 62. bego 611 papien 1. 128.
begenwie 11111 11111111 1111111,
1111611111 2, 130. ’

been 1. 1161111111111 Π. 132*.
367. 17. 381.

61111111161111111111117.221.11111.

11111111111111111. 1111 2,
4. 6.

belg 11 6, 9397111 11161111.

611311111111111 1, 166.

6111111 m. 1. 379*. 6, 60*.

6111111 6, 97.

bellet 11. 17. 622.

halley de treugaleux 11. 7732.

61111111 11. 111111111378. 6111111-

11111. 1. 78. 61611166111111 11.
demin. lv. 359.

61111111 adj. 11. 714*.
bermhertieh 16111663 611111-
- 6111116111 1. 1. 144.
6111111 benten 11. 296. 11. 124. 4,

66. conj. prees. 661111 11. 646.
61111111111 17. 1686

611111111111111 111. 266.

beten 1161111117. 421.

baren 1) 161. oben 1. 420. 611111
111 111. 462. 3136 7- 11111191.

¹ 11111111111111.

6111111111. 1. 159*.

6161111111. 1111111111 1. 346.

6111111 6111111 11. 152.

61611111 6116111116.π111611111
17. 33.

6161611 11. 12*.

6166111 1111161111 1111611 1. 236.
Β. 2.

61611111 11616311 11116111 1. 233.
17. 306. 641.

wwamffi

6161111111 adj. ll. 409.

61611111 1111111111, 1111111111. 11-
611111 111. 2. tun 11. 136.

berrech 11111111, 11111 11. 107.

616168116116111 1. 23311616111
3, 10. 1111. 1161111117. 306.

61616111 1111611 17. 263. 161111
1111111611 11. 427. - 1111113116-
gliielrlleh 8‚199. vgl. 6161111 61111
6,16.

6161111111 1111111111 1. 264.

6111111116 111111 ΠΙ. 67.

1111 n. 111117. 6206.

6111 11. 1111 1. 294. 111. 138. 6111·
11111111 1111111111 17. 326.

beest n. bestie 160. 11. 436.

61616111 611 1111111111 11116111 1.
266. Π. 269.

beginnen 1111. 11161161 111. 306.
1111. 1131111111 11. 66.

begraveu sepellre 17. 263.

1111111111 11111111 11. 133.

begripen 1111116117. 364. 646.

6111111116, 100. 1111111111.

61666111 1111111, protegerem. 11.
743.

611111 m. 1166111111 1V.174. 3, 7.
din. 61611.

616116166111111117. 363. 416.

61116111 11111161111111111111111. 146.

bejegen 11111111 3, 129. 111116. 111161.

mmwuffl.0*

6111111111 6, 100 1111111111 11.

 

