1011111111.

11111111111. 11. 60811 .’

11111111 1, 105.

1111111111111111111111111 1178.

1111111111111111 Π. 591.

111111 1111111301. Π.168.

11111. 111111 11. 891. 11111111
11111111. 89. -

111111111111111 Π. 430.

111111 1. 11111115, 73.

1111 111. 111111. 111111 11111
proelium 1111 111. 868. 1111111-

· 11111 1111, 111111 111111 ΙΠ.
887. hart und 11111 1111 111·
1111111, 105. · '

11111 1. 1111 1, 58. 11. 111111.

1111111 1. 1111. 9, 33.

1111 1. 11114, 75..

1111111111 1. 111111111111 Π. 111.

1111 1) 1. 111, mit 1111111, 11111
11110. 11 1111111, 1111 B.
114. 1) 1111 1111111, 111111 Π.

1111111. 11114, 7. ’

1111111 1. 7, 40*. -

hebben 111. 810. 11111. 1. 11111
1v. 116. 1, 13. 1111111191. “
111 1,10. 1111 11111 IV· 115.

181·

1, 184.

11111111 111 31. IV. 171. 11111111·
1111 m. 1, 170. 1111111111,
1111111111 11]. h. vader 11. 101.
h. 111111 1111111111. 331.

111 111. 111 und 111 111 ιιιι1
1111111 1. 111. henne ΠΙ. 190.

1111111111 11111111 Π. 131.

1111131111. 1111111 11, 3.

1111111111 111111111 1, 130.

11111111 1111111111 Iv. 114.

1111111111 1111111111, 11111111
ΠΙ. 460.

111111111 1116.

ber 111 111 1111. 111.

1111111111. 1 16.

11111111 111. 111111 Π. 616. ι

1111111111 3, 671 ·

herlangen 1111111111 1151. -

1111111111 111. 5871111111111
11111111. ,

1111111111 111. 1111111 1. 151. Π.
56111416. '·

1111111111 1111111111, 1111111111 ΙΠ.
6. Π. 663.

1111111111 11111 111111111, 1111111111
Π. 545. 1111111111118, 17.

11111111 111111 1v. 47.
11111 1111161111 1111108481. 1,
14. 18. 17 1. ·

111111 1. 11111 3, 93.

11111111, 1111111111. memoriter
1111111111 JV. 416.

11111 1. herz. 1111111111 111. 370.
111. 11111. 11111111 111. 11111111
ΙΠ. 134.

11111111 181. Π. 161. 783.
111111111111.1,19. .
1111 ιιι, Ι. 131. 1111 1. 378. - ·
1111111. 1111 111149. 1,54.11,69. 1111111111 IV· 60. B. 14. 1,161.
11111 ιιι. Ι. 199. 8, 13.
1111111 1 aver 11 111111 111761 1111111111 1111111111 IV, 108.
springen dorch 11 1111111, 1. 8, 11. .
11111111 1. 1111111111Π1 176. 1111111111111 1111111111 Π. 308.
1111 111 38. 1111111111111. Π. 1111111 111 11111, 1111 1111. 1111
18. , 11111. 1111111 1111. 179.
111111 m. 111111 11111 1111111 1411. 111111111111111111111111111111 Π.
11111111 111. 16111111. (11 h. 1111 808.
111 111111Π. 49. 111111111111 Π1 88.
11111111 111111 11111. 118111, m. 11111, 1111 111 6111111.
hembde, 11111. n, 11 111 111. 1111111111. 11, 11.

 

