WORTERBUOE

original 1. Ι. 215. 17. 633.

1111111111. 811111 11. Π. 50.

1011111111 11111111111111. 122.

1111111 1. 1111111 IV. 24 ὃ.

11111. 11 allen 1111273. 11 allen
1111111 IV. 597.

1111111113 11. 11111111 Π. 356.

0111 11. 3111111111 111111 Π. 212.

osne m. 11111 IV. 188. 661.

0111 111. 1111 IV· 457.

6111111111. 1. 111. 111111,111111111111
aver: 11111 de 11111111111111111
IV. 233.

611111 111. Ι. 85.

1111111111 116111111111. 281.

61111111 1. 111111 11. 497. 11111.
11111111.

61111111111 11111111111 Π. 373.

0111101111. 11111111 Ι. 69. 11. 289.

1111111111 1. 111 11. krigen 1111111
(11111 tragon 17. 689.

1111111111 1. Π. 374.

611111111111111111, 11111111 Π.
196.

1111111111 1. Π. 434.

6111111111 1. 1111. 1111. Ι. 368.

1111111111 IV. 622.

1111111111 Π. 50.

1111111111 Ι7. 232.

,11111 1. 1111111, 1111111, 11111111.

1111 11. 11111 1. 363. 3, 74.

11111161 1. Π 576.

111111 1. 111111 Ι. 132. 406. 17. 313.
394.

11111 m. 8, 37. 170. 1111111111,
1111111, 1111 11, 59. dicke p.
1111111 111111111116111. 64.

pape m. 111111 ΠΙ. 177.

111111 1. Ι7. 269.

1111111111 1. 111111111111111 111
111111Π. 109.

1111111111111 ιιι. Β. 101.

11111111 1. Π. 523.

11111 1111 1) absol. 2, 76. 2) ,1. 111.
1111 111111 1111]11ιι111,42. 3)

293

1. mit 111111111111111 mit 111111
3, 26. 1111 p. mit 7, 18. 4) 111

,’ 1111111111, 1. 45.

11111111 1111111 Π. 693. 1131111111.

1111111111 Hx 354 ὃ.

11111111111 m. 1. Ι. 426. Π. 266.
-11111111 3, 45.

1111111117. 79.

part 1. 111111. 15.

parti 1. Ι. 351.

111111111Π. 38411

111 11. 111. 11111111. 36.

pas: 1ο 1111 Romen, 111 1111111
sein 1Π.118. 7, 65.

paschon pl. 1111111ΙΠ. 108.

1111111. 1111111 111. 179*.

1111111 ΙΠ. 77. 11111111 11,48.

1111111111 1. ΠΙ. 372. 1. 11111111.

11111111 7, 68.

11111101 1. 1111111 1. 261. 11. 62.

patron 11. IV. 162. 164. 209.

11111 1. 11. 101*.

paweluen m. 1111 Ι. 40.

1111111 m. IV. 680. de 11111111 1.
1,147.

1111111 n. 1111111. 18.

1111111611] m. ΠΙ. 228*.

11111111111 11. 1161611

pege} m. 111. 47411

1111111111. 1111011111. 156. .

pekelhering 11. Π1202*. 111111
11111111. bfiekling.

1111111111 1. Ι. 349.

11111 m. 1, 212. vgl. 111.

1111112911

1111111111 1. 1111111111. ,1. 11111111
11. 427.

penning m. guldne 11. lv. 630.

111111 11. 1111111 ΙΠ. 310. “

periodo 1. Ι. 199.

111111 1. 11111111. 1. 161 do abgen
(1111111111111Ι71352. ,
11111111 1. Π.390*. 111111111111

1. dem. 11. 401. ’

person 1.,1111 11. 6.

 

