11111111 111 1111111111. 227

134.1111114.137.1111.1 138 811111111111.1*.2,1111111114.
13911111111111,81111112,1461111111,

4414111141111111*1111114143111114 148112,
11111*1114,149.11111112,151.11112.15211111141511111*
156. 111111111124 157. 1111 1*. 4. 1581113114. 161, Kone 4.
166. Darby gy 4. 168. Tungen 2. 174. al 4. 175, 111111 4. 176. 11
111111 1*.1. 17131111. 1*.1. 1111114. , ’

45. 186. heta. 1. 188. 1111. 1. 190, 111111 1111111111. 191.
1111111114, 195. 11111114. 195. 11 fehlt 1*.4. 196, 1111114. 200.
hed 1. 1. 203. 1111111114. 11111111 l. 2. 204. 11111111 4. 2011111
1, 2. 210. 1111111111. 212, 1114.

46. 22111111111111114. 2221114, 11111111 1,1*. 223, man 1*.2.
225. 111 111111 1*. 233, minen 1*. 2. 4. grotgunstigem a. 1. 238.
1111114, 241. 11111121 243. (1111111111 a. a. 245. Lox hyr 4. 253,
1111112,

47. 255. 3111111111. 8111111111 2. 261. sin 1*. syn 4. 262.
3111114, 2631111111 4. 26411112. 2661111111114. 271.1111*.
279, Da 4. 280. 11111112, 283. 11111111 1. 1. 285, Ηο1111114, 289.
11111111 291. 1111111112.

48. 295111 111114.297.111111111114,298.(11111*.4.111

1111114. 299. 11111114. 300. Ρ11111114, 4.301 1111111. 1111111124. ·,

305. 1111111 2..4 3081111112. 3091111112. 3101111111 11. 314.
8111112. 3151ῐό111 11. 3111111114. 318111111.Υ 319,11111*.4.
3261111111 1*. 329.s61*. .

49. 331. al fehlt 4. 334. 1111111114. 335. 61111111 1*. 4. 8. 10. 14.
1111114,339.111111114,340.Ζ11111*434811111, 3561111115·
111114, 364,111111111,1. 365.1111*.4.

5037311111111111111 4. 975.11111111*.4,1111111810.
1141014.37711114.111111*43891123111, Conquemarree.
1014. 382. 111114. 9831112. 384, 1111111111 4, 3811111114,
393, 111114, 111114, 3911111111 1111 4 die rede 1. 2. 396.
1111114. solken a. 1, 397. 111111 1*. 4. 338. 1111114. 401111
’1*. 4. 11111112. 401. 1111111111 81014, 405. 111111 1*. 4.

51. 412161111111111111114. 418. 1111111111 431111111114.
442. Η111111111ο11112, 111511114. kleen 2.

52. 452, 1111111112, 4551111111111 1, 1, 462. 111111 4 463111
11111114· 111111118.10.14. 475. 11111111, 2. 4731111111, were 4.
477. 111111 1*. 4,

13. 4341111114. 487, 161114. 488. en 4. 1ο gruwlik ,11111

1118. 4891111114. 49311114. (1111111, 494,1111111111*. all·
1111114. 11111 1*. 4.

ANMERKUNGEN. SOHERZGEDICHT ΙΠ.

11. Zeusis 1. Acerra philol. 1. 11. ,
21. 22, Glycerium.. Pamphilus 11111 11111111 11111111 aun 111

11)*

 

