1111111111.

111 (1111.) 11. 111 48¹¹.

10111111 111311117. 639.

111111. 14441

1111. lob 17. 7. 9. 624. (111. lave
1730.

1611111 101111 4, 63. 3,32.

1011 1. 1111111111 2, 37.

1011111101 111. IV. 321.

lop 11 11111. 296. 11111. 111111
17312. up 11111. 111 11111111
111114, 3.

Iopen IV. 801.

lord m. 111. 2491 1111111111. 111.

101 111. 111111111111. 1111111101.
l. bove 11237. l. 1111 prou
1762.

· 10111. 11111114, 168. 111111116111
ys (111111. Luat. melluch. 369.

11111111 1 111. 11. 722. 1111111
111. logor 11. 664 6. ’

1111. loth 11737. 111310.

lubben pl. 11. 611*. 621.

11111 ιιι. 111. 266.

111111. lust 7, 26. 8138. 11111111
in (1111111111 1111111111611111.437.

1111111111. 1161111111 11. 676.

11111111. leuto 111. 32 6.

11111111 1. 1111, 1111111111 17. 66.
din. 1111111, 1111. 1111111

11111111 plur. 1111111111 1111111 1. 366.
1773. 1111111116107.

lunge 1. pulmo 111490. Phoebi 1.

, 17. 423.

1111111. 111111111114, 601 1. 1111·
1116771111 17. 171. Β. 116. 2,
1111317011. 392. 1747. wo&
1111111 adj. lausig, 111111111. 30.

1011111111 n. 111111111, 161111.
183.

1111111111111. 1, 1621.
1111113 111. 17. 262.

-luter 1111. 1111111 17. 7.
nuremberg.

289

lsstjmagd 1. 11111ωὲ11111, (1111111111
6, 36.

mag 1. mugen 17. 436.

mant m. 11111113, 62. angl. 111111.

macaron 1η. 1. 2721

made 1. 11. 467.

1111311111. 11180. 17448.

111311 (1111101. 1111111 11180. 111.
444. 17169 6.

1111111111 11. 111. 1111111 111. 336.

1111111111 1. 11. 72.

1111111111 1. 1111111111 B. 96.

111111 111111. wat 11 11111 ut juve
maken 111 1111 1111111 111111
111117. 217.

mal n. 1111111 17. 6111

111111111111111. 111. 46.

1111111111 1. 1111111111 2, 170.

man 1) 111,1111111111.32. 2, 16.
6, 70. 2) 1111, nutem 111. 39.

11111111611.1111. 11. 449. 1139.
1111111111.

11111111 1. 11. 603. 613. 17472.

1111111111 1. 2,161*.

1111111111 1. 11. 6201

11111111. 1. 207. 227 1.

1113111111. 11111111 1. 38.

1111111111. 1. dat. 111111 1111111111
1. 3669. 11188. 17419.

1111111111 1. 11. 41.

1111111 (mend) 11. mount 11309.
796. 17. 139. B. 107.

11111111113111. 11. 723.

1111111111. 11. 630.

1111111111 m. 111. 3401

1111111111 11. Β. 641

mare 1. de m. ridet mi 11. 1331.
B. 134.

mark 11 1111 111. 267.

mark 1. 1111111111.11.120. 111471.

11111 111. 111. 1111111. 111111ρί11 1111
mars podex 111. 191.

· 11111 ιιι. 10, 281

mate 1. 11ιο 11064. 176 6. 1111.
mit maten 111011 12331 11 wat

19

 

