1111111111. ι

111 *11111111 111 1111 dom 1111111111 1111113111111111111111111111 11-

111111111. Die 11111 1111111111 111111111111111[1111111111 11111111111111,

1111111111 deutsche 1111 1111111 111111 111 11111111111111 1111111111 und

hoehzeitsgodlchton‚ 111. 111111, B. 1111111111. ὃ. 1111111111 1111 111111111-
11111111.

Α 11111). 111 1, 127.

111 11111. IV. 677. 10, 42.

ABG: (1111111111 — 111011

1111 11111111 2, 70.

1111111111 1111111111 lv. 222. “

11111111). 11. 327. 11111111.

= 111111111111111111. 287.

111111 11111. hinton 11. 448. - 11
1111111111 11. 770. - und 111
111111 und 111111. 12. 179.

1111111111 1. 11. 111111111. 768.

1111111111 11111111. 206.

1111111 1. 11111 111. 256.

1111111· m. 111111 IV. 419.

111111111111111 m. 11111 1. 1111111
114191.

adel 1111111111, de 1111 adel nobiles
11. 53. 111. 1. 225. 11. 30. 41.

111111 1. 98.

1111111111 1111111111. 170.

· 11111111352. 111-, 11111111.

11113111 111. 40. 1111 11111111111111.
1111 lv. 502.

11111111 ΠΙ. 45.

11111111 1. 397. ,

1111111111 durch 111111 1111111111
1. 22.

11111111 l) 11111111 lv. 867. 2) 11-

111111, (1111111118, 28.

111111111111111111111, 1111111111
11. 464.

11111111, 1111111 111 1111111111 111-
111111. 11. 143.

1111111 111111111 de 111 11. 162.

11111111 1111111111 111 1111 1. 390. ,

1111111111 11111111 111 111111 111458.

11111111111111, 11111111. 1111111111
- 11. 150.

11111111111 1111 11111111111,11111
11. 112.

1131111 (1111111111 1. person — 11. 6.

al 1) 1. 1111 111. 20. 2) 1. 11111,

’ 111111. 85.

11 1) 1111111, 11111 111. 16. Β 2, 9.
8, 77. 2) 11111111, 1111 1111
11. 663· 111. 460.

al m. 1111111111 2, 321

1111111111 Β. 78.

111111 1111111111. 254.

1111111 111111 1111 111, 1111111110 1. 86.

1111111111 1 11 mode 111. 13.

1111111111 111). 11111111 111. 1. 90.
1111111111 11. 11111. * 1111111111
111111 4, 7.

1111111131 11111 8, 119. [augmen
1. 212.

 

