1111111111 1111 1111111111. 211

19, 21111111 a. 1. 28. (111114. 31. 1111111112· 33. Fr0w·
11111111 1. 1. 4411111114. 45. 1111112. 4611111111 a. 1 47 und 43
1111111810114. 47. einen 1*. 4.· 49. 1711111 4. 50. 81111111 1. 1*. 4.
01111111 1111111111 4. vertreden 8. 10. verdregen 14. 51. 11 fehlt 1*.
4. 8. 10. 14. 111111 fehlt 4. 5311111114. 56. (1111111111 a. a. 510111
peloris 4. 58. Clara 2. 60. 11111111, 1*. 4. 6311111111111 Η11112.

20. 67. 11111112. 70. 11 11111511 a. a. 72. 111 2. 76. 1111112.
11. 11114. 818111111111 11. ’111 4. .

21. 105. 1111111114. 110. 15111111 115. 81111111111114. 116.

11111111141171111111114. 125.1)1111114.11111101111*.4. 132. . ’

1151114. up 111Β111-1.1. 11111 1111111 v. 367. 1331171114. 134.
1111112.

22. 146. 11112. 147. 811111151111*.,4. 150. 1111111111 4. 153.
811111111111112. 8111111111114. mit den 1. 2. 154. 1111111111. 157.
13111111 1*. 4. 1591111111111. 162. ,1111111114 163. sich 2. 165.
11 fehlt 4. 1701111111111112. 1711112.1111111121111111114. 172.
31111111111112. 17411112. ’

23180. Junfer 1*. 4. 181111111111114. mit einen 1. 1. 182. ·

11112. 185. 11111111.4 194. had l. 2. 195. 8511114. 13511111114.
193. 11111112. 200. nen 4. 2025 11111111 2. 4. 206. 1111111114.
20711111. 2081111111114. 213. Κ11114. 214.111111.1*.2. 216.
1111111111 1*. 4. . ’ ·
’ 24. 219. 111114. 220. 1111111111. 221. 0111111114. 225111111-
111111114. 229. 5111111114. 233.111111111.1*.2. 234. 81114. 236. 111114.
244. Μο111111111 4. 2451111111 1. a. 247. kunden 4. 252. 111114.
11111111 4. ,

25. 2551111111 4. 255. 11111111 a. a. 256. (11151 1. 1*. 2. 259.
11114. 261. 111114. 262. 1111114. 2631161114. 1111111 4. 264.
1111 11114. 2691111 a. 1. 270. 1111 a. a. 272. 1111111111 273.

· 11161111 1. 1*. 2. 282. 8011114. 285.11111111.1*.2. 286. 81111114.

26. 295. 11111114. 1111 4. 304. 151114. 313. 1111111111 4.
314. 11611111 4. 317. 1111114. 319. Ρ1111111· 4. 321. 11111114. 323.
Wenig 4. 324. und fehlt 4. 10. 32611141111· 11111Ρ. 8. 10. 14. 328.
1111111111 1*. 4. · ¹

27332. 1114. 333.111111111111*.4. 31111111111111 333111
2. 343. vel 1. 1*. 2. 345. figuren 4. 346. 111114. 348. (11111111 4.
3541111111. 361. Rueck 4.

28. 373. 1111111114. 37411111112. 37511114. 378. 81111114.
379. 1111111111 4. 380. 3111111114. 3821114. 38411114. dat id 1112.
385.111111111.1*.2. 38111114. 390.11111.8.10.14. 3321111115-
11111114. 394. 11111111 1.1*.2.. 399. 114. 403. 11111111 2.

29.407.11111111ο 1*. 4. 416. 1111. 2. 417. 11111111. 418. vor·
11111111 a. 1. 420. eren a. a. 1111112. 11111111*.4. 430. 1111111114.
eren 1*. 4. 432. 11111111. 436.]111111111114.1’111111111111112. 43111111
4. 4441111114. ’

 

