272

494. 733. Β. 130. 551151555, 55-
5515151155.

55115555 511555, 115555 5151555 Π.
458.

5511155 55555155 2, 150.

5511555515 55555515 IL 364.

55115555 5115155 ΙΠ. 410.

5515555 5115555 2, 158

55115555 115555 Β. 92.

55155155 551155155,155151155Π.751.

5515551 6, 301

55155155 5515511555 Β. 14.

55155111 Π. 378⁸.

55511555 55515555 8, 97.

5551155155 5555551155 8, 58. 5115.

55551555 55551555 Ι. 79. IV. 620.

555551 Π. 13817. 257.

55515555 5555555 5, 115.

55515555 ΠΙ. 270. ’

55551155 Π. 5551

5555555 555555 9, 103.

bereden 55551155, 5551555155 Ι. 157.

55155511 5555555555, 151155 ΠΙ. 457.

1515111151 m. 5555515515 111155.

5551151117. 456.

5555555 5555155, 155515 5, 126.

5555555 51555555 17. 320. 5515555
2, 42.

1155555555 5555151155 8, 40.

5555555551. 155, ordnung 5, 41. 5.

. 5515 55151 1515155 8, 24. 33.

55555551511555155 8, 59.

1155555511 6, 40*.

5555115155 551115055 1. 211. 17 ,693

5555551555 5155551115551555 8,
1415115.

55555555 heroden 7, 61.

5551511155 Π. 348. IV. 656,

,555151155 5511. 5551115155 551551 ΠΙ.
356. '

555551155 5555511555 Π. 738. Β5515.
55. 963.

55555515515551 m. bosembfischol Π.
771*. -5151115555551151 ΙΠ. 104.

770175180011.

11555 1155515055 5151555 IV. 696.
55515511 Π 695. 1
55515555 555115555 11. 415.
5551555555 555155555 Ι. 273. ΙΠ. 410.
5551551155 Π. 6551
55555551 555 Β. 116.
555555555 555 11, 58.
5555555 1555155 5155155 9,.101.
551515 Ι. 131 ὃ. 551155 ΙΠ. 65.
5515155 55551155 155. 22. IV. 124.
55155 m. 515 5155155 1, 40. 551555
5. 9, 55. 551155 5. 2, 217. 6, 34.
55155555 1151555555, 6.

“ 55151 basset Ι. 61. 17. 10.

55151515 555555515 Ι. 236.

hermen sik sich 1111155 5, 38.

5555555 5555555 17. 67.

5551152205.

5555555 11. 16.

beweren sik sich 55155155, 55515155
IV. 524. 5551. wear. “

5551555 15 der 5551 11121. IV. 564.

51 55555. 5. 551. 151. 27. 40 5.

51511151 551. Β. 114.

5151155 511155 1. 305. 55155 ΠΙ. 167. ἰ

bileggen 555 51511 componore IV.

' 691.

51115 f. 55115, 55555515 lv. 678.

51511155 5. 115155 155151555 5, 72.

515555 1) adv. 15551515 ΙΠ. 71.
van 515555 von 15555 ΙΠ. 891.
3, 34. 2) 55555. 5. 555. 15555-

. 5515, 115 55515515 Π. 216.

515155 5. 5515515551551555 5, 72.
551. 55515155 5511155555 85551.
55. Π. 90.

515155 m, 5155151 ΙΠ. 248. 515.

¹ biswilen 15551155 Π. 244. 4, 89.

51155 55155111 15 dat gras 5. 5551515.
1115 5155555 Β. 76. 55115515 5.
IV. 107.

5555514431

51551 55155515 51515 ΠΙ. 440. 5111.
555. 5115. dan. 5551.

5551555 515155 IV. 499. 5551151515 5155551511(555 baumes), 5151. 515555

 

