1111111111.

11111 m. 1335. 5,106.

11111111 11. 8, 72. 3111111111.

111111 m. 1111 IV. 633.

struve 1. 111111111111, 111111111111
4, 42.

111111. 1350. lV. 303. 111111
111. 24.

111111111111. 11111. 111. 300,

1111111111. 1v. 222.

11111111 lV. 73. 11. up B. 28. 66.
2,171*. ’

1111132311

1111111 1113. 1111111111. 645.

smmper m. 4, 83.

11111111. 101 111111 1111111 111. 241.
lV. 237. 111 11111111 lV. 270.

11111111 11111119, 55.

1111111. 1111111111111. 769.

111111 1. 11111 11. 630. lV. 137. 355.
B. 63. 1111111111 1. 1111111·
1111111111 11. 146.

styrax 11111111111. 37911

1111111111. 1255. IV. 430. 1111111-
ω13η,

1111111 11111111 5, 75. 103. 11, 53.

11111111.11111114,42.7,4. ,

111111111111111111114.Ι -

1111, pl. 11. 57*. 11, 47. 43. 54.

111111. 111111 11. 387. lv. 375. 1,
26. 5, 105. 11111111111111 1.
111111111111 5, 115. 111111111-
11111111. 1111111115, 1174111111.
4, 67. 101111 111 1. 1111111111
4,198. 1111 111 1111111111,11111
11, 11. 1. 11111.

1111 pron. 11111111 4,153. 71111111.

1111111111 pron. 11111 mit einander 4,
22. 24.

11111111 11].11111111.129. 11111111
adj. 111314. IV. 347.

1111111113 1. 1111111111 2,165.

1111111 pron. 1111111111. 34. 1111.
1111111111 111 man spriohv. 6,
44. 1111111111, nogat 11,66.

303

1111 Got 11 mir (111 111111. 3, 33.
111111111111113,33*.117.5,33.

1111111111 111. 1111111111. 406.

eundern conj. 1111 1. 7. 25. 1111111
11. 27.

11111 111. 11111111 3, 133.

11111 1. gon. sannen 1. 327. 11. 440.

1111111111 1. 1111111111 1. 342. 357.

1111111111 m. von 1111 sonno ge·
11111111, 111111111111111111 lV.
50331111111111111111111. seha·-
111226.

1111111111 111. 1111111111 s, 208.

’ 1111111111. 11111111. 650. 111111.

1111 1111. 1111111111. 58.

111111 lV. 90. 308. 8, 133.

11111111 adj. 3, 15.

11111111. 11111176. 11. 331430.
111. 3041.

111111. vom 11111117, 24.

111 111. sonat 2, 30. 83. vgl. 111111.

11111111 1111111111, 77.

11111111. 1) 1111111111 11161111.
2) 11111 11. 223.

11111111 adv. 11111. 5, 39.

1 11111 1. 241. 1111111 1. 398.

1111111111 111. 11. 22.

111111 m. 111111. 76. 1111. 11111111.

1111111111. 1. 52. 223. 11. 133. 111.
111111. ’

11111111 1. 1. 33. ,

11111111. 103. 11111111111.

swigen 1. 456. 111. sehwigen.

swinegel m. 1111111110. igal, wohl
wegon 1. 1101111111111-1111158.

111111 m. Β. 99. 11. 471*. 1111111111
1. 111. 8031. tabakschnupron 1,
23*.

1111111111. 11, 15*.

111111 11. 11. 6831

11111111111. 1111111111 2, 165.

taen 11111111. tene 1. 449.

taen 1. 1111.111.1111111111.488. tene

 

