306

111. 210. ,
ungeschmollen 111111. adj. unge·
schmolzen 11. 512.
1111111111111111111111117351
11111111 adv. l, 119.
unstedig 1111. 111111 1111. 10.
1111111111 1111111111 l. 292.
1111111111 1111111111111 1312.
111111111111 111111111111111331.

1111111151 11].111111111111,11ὄ11-
11111 11. 450. 11, 71.

’ 1111111111111111. 60. ,

1111111111 111. 9, 88. 711111-
11111.

1111111. 1111111111 7, 37.

11 111. 1) 11111. 1. (111. 1 111.
2) 111111111111111111 1111 und
11111 11. 254.

1111111111 1111111118, 144.

1111111111 11. 53. 304 391.

1111111111 111. 476.
1111111111 1. 177. ¹
119111 1111111111 3, 49.

11111111 17. 271.

11111111 1111111111 11. 290.

1111111 1111111111111 111. 314.

1111111111. 396.

11111111 reservare 11. 443. Β. 99.

upkamen 1111111111 1208. 111. 92.
17. 409.

1111111111 11111111111 Β. 98.

· 1111111 1111111111 11. 756.

1111111111 1111111111 II. 307.

’ 1111111111111.

1111111111 111. 1, 58¹¹.

1111111111 1. 1111111111. 11 11. 11.
· 433. 1111261111 11. 11. 355.
111111 1111111111 2, 63.

1111111111 1111111111 1. 173.
1111111111. aursohlag (11111 11111111)

11. 724. 727. 111370.

,1111111111 «1111111111 1. 347.
11111111111111111111111111117111.
11111111111111111111111111111787.
1111111111 1111111111 Β. 36.

1111111111.

1111111111 2, 146*.
upschwingen IV. 413.

’ 11111111 1111111111 111. 407.

11101111 1111111111 17566. Β. 48.
11111111 1111111111 2, 102.
1111111111 1. titel.

11111111 1111111111 111. 20. 17. 608. 1

11111111 11111111, 1111111 durch
1111111111 111111ποί111 17. 22.
1111111111 Ι. 450.
111111 part. 11111111 111. 166.
11111111 m. 2, 3*. 235.
1111111111 1111111111 11. 175.
1111111 1111111111 2, 75. 1
11111111. 111116, 89. 8, 27. 66. 11, 22.
1111111111 1111111111 17. «399.
utdelen 1111111111 17. 265. 274.
1111111111 1111111111. 208.
1111111111 11111111 11272. 1111111111.

11 5118111111 1111111911 10,11.

1111111111 111111111111. 180.
1111111111 11, 45.

1111111111. 1111111111 11. 35.
1111111 1) 111111111111111 11. 93.
2) hart 11111111 1101. 4,110.
1111111 11111111 l. 324. lv. 469. 618.

1111111 11111111111111) 11. 514.
1111111 1111111111 17. 231 2, 208.
1111111111. 111 111111. Β. 77..
1111111111 1111111111 17. 429.
11111111 1111111111 1. 76.
1111111111111111 17. 300.
1111111111 adj. 11. 23. 111411.
1111111 1111. 1111111111111111111 17.

336.

,1111111 111 pege! 1111 111111 111·

111111, 1111111111 111. 474.
111111111111. 208.

11111111 lV. 468.

11111111 IV. 187.

1111111111 1111111111 17. 505.
11111111 1111111111117. 584.
utschamferen 1111111111111. 148.
mecheren 1111 1111111111 1111111111-

 

