2w

1110111011ἱο 1111. 1111111 1111 0110111110
Β. 97.

111011111οη 11101101 110110, 1111011111 ⁴
’1111111110101 111. 11. 29.

’ 01111101 1110110117. 16. 170.

„ape m. 1110 11801. 111. 178. 11101-
1 111111 1. 17. 659.

1. 388. 1Ι. 47

11101110101 111 11010101 Β. 23. ¹

allerwegen 01101111110111. 177.

allon = 111. 011010 111. 190.

011110001 n. 11110001 111. 266.

1110011 11010110 1. 127. 0111110111.

0101100 quam 111. 161290. 00
1110111. 30.

0101101 110 daun 17. 24.

111111,111011111111101 1. 26. 111. 11.
68 δ. ’

0110 11111 1. 90.

1110110011 zusammen 111. 308.

11101111 (1110111111 17. 197. 2,114.
8, 28.

111101111 1011. 1111101101 2, 80. 155.

1111011 1111011, (111111 Ι. 57. 17. 177.

011101111. 01111101111. 466. 11111.

111110011011111. 1. 217.

ambra 11. 473. ·

01101101 1111010117. 349.

1111101111. 102: zufflgon. part. 01-
10011111. 680 111010101.

1111111101 1111101011. 220. ³

1110 01011 0110, 01010101 1. 51. 0.
1111.2,10.

11111111 11111101 2, 113. - 111..
1. 385.

11101101 1101111012, 117.

111101 01111101 5, 96.

anleggen verwonden 111. 380.

11111101 1111011101 8, 142.

01110101 1111110117. 85.

1111101101 111. 186.

01111ος01 10110111101 2, 229. Β1.

. 1111101110301.

1111011101 1. 117.

11110101 IV. 272.

1100110101 11. 249.

01001101 1. 259.

11011111. 11111 1. 438.

0101101101 1. 196.

1011111001.

11011111 11000101. 141.
anteon 1111011101 11, 39. 111111. 01-
1011101 17. 68. 395.

apen 011011, 111154. 1110111101 1.

213. 11. 410. 2, 35. 1111110111ῐο ’

11. 90. 746. apenbaren 11101110
11. 10. “

01001011001111. up 11110 01111011 17.
14*.

appel m. apsel 8, 1113. 1111011101οῃ
1111101 1100101 1, 88.

appetit m. 8, 27.

111010111111011 11. 1110111111 011011110-
1101011. 385.

111101 1110111101 111. 307. 1111111101
Β1.111. 24. Φ
ar'gwahn m. 01011010 11. 117. 245.

25511111.
111111 6, 5*.

1101011101. 1011111110 1. 238*. 240. 257. =

as 111, 1110 6, 28. 51. 7, 28. 29. 81.

11110 m. 1111110 0110110111 11. 645.
11110001 111111. 616.

1111110111. 17. 162. “

1110111011. 17. 475.

Ave Μ111111. 220.

110111. 0101 11. 106. 1110110011 11.
110011 ’ ,

11011111.111.33. van 01101111 1101110

’ 11101111, wie van dagss, 140.

avendgebede. 1. 11. 184.

’ 1101111111 11. 1101110001, 1011101111.

374.

aver 11111100. 0100111101 111. 424.
17. 346.

010111 1, 31.

avergang m. augemoine 11111101117.

373. 8111111. 482.

, 0101110101 1101111001111. 423.

1101101011 1. ’0111111011 11. 503.
110111101 1110110001 11. 399.

 

