296

1111111 adv. 1111 11. 771.

1111111111 m. 111. 450*.

rente 1. 1111. up 1. 111111 l. 132.

1111 m. 11111 IV. 497.

residem 1. lv. 102. 156.

11111111 1. 11110111 1. 17. 277.

respect m. 11. 710 111. 293. 11-
specteren 11. 30745.

1111111111 ΠΙ. 188.

11111111 r. 1. 195. mit 1. 11. 656.
ι. 111111 11. 643.

ribbelap m. 11111111 111111, 11 form
einer 11111111 11111111, (1111111111
dio 1111111111 1111111111 (115511)
des 1111111 1111111111 4, 161.

1111111111 1. signum lv] 15.

richten, darvan 1.(111151111111111
IV. 135. 292.

1101111111 adv.11. 43.

111 adj. 17264. rikdom 111. 190.
111. 361. 11111111 1111111111111
(111111) 17. 337. 353.

rim m. 1111117. 245. 279. 520. 111.
11117433. 461. Β. 1. 11111-
11111 f. 17. 479.

rimen 17. 276. sik rimen 8, 110.

tinge 11]. gotinge 17. 627.

ringen contendero 111. 459.

1111111 11].111111111. 1111 11. 790.
B. 60.

rip m. pruina 11, 71.

Ι rip 11]· 11111111 2, 3.

1111111111.1111111114,45. ·

risk 15]. 111111, 11111111 10, 29.

riven 1111111 11. 444. 2132.

’1111 m. 11. 398. 17324.

rocquille 111. Ι. 272*.

rode 1. ruthe 11. 86. 17408.

rodomontade 1. 111. 17. 87.

10311 rogan 3, 99. 4, 24. 8, 34.

roggenbroed 1. lv. 605.

11111 m. 11111 17. 624. ,

rohmgiricheit 1. 111. 414.

roi 11111 (111. 3,,22*.

1111 m. 11111111. 321. θ

77οΒ111130οΗ.

101 111111 1. 77. 232. 11. 353. 457.

1611113111] 1111111111 4, 157.

1311111111 1. 1111111111 11357.

1611111111. 11. 476*.

111111 1111111 17. 1.

16111111. 1111111 17. 418.

1611111111 ιι. 1111111111 10, 52.

161111 111111111. 305.

11111 IV. 302. prt. reep 8,101.
122.194*.

16111 11111116111, 54. ·

rose 1. 111111414. IV. 50. 1011111
1.(1111 1111111, 1111111111 2, 63.

111111511 m. 2, 35*.

rosin 4, 42.

1011 1. craton 8, 64.

1111111111111.1111111111 111. 449.

1101111111 111111111111, 111111-
gift IV. 359. “

1111111111 111. 183.

111111. rabo 4, 40. 9, 99.

row 1. ruho 1. 74. 11111 Π. 761.

ruech 15]. 111111 111. 100. 17. 462. 2, 46.

1111110115 11]. 1111111111 11. 629.

1161111111 f. 111111111638. 7, 54.
ital. 11111111, angl. 1111111.

rugge ιιι. 111. 187. 17413.

111111] 11111 5, 132.

10111 1111111111. 451. 461. 750. 1.

s na 111. 11388. IV. 50.

rullo 1. 2,177*. 3, 77.

ruem ιιι. 111 52.

1111111 1111111111 5, 61.

1111111111 11111111, 1111111111. 562.

rummeltasche 1. rumpoltasche, 11111
111117, 64.

111111101111111111. 1. 363·.

rumpeln 111011 4,146. 5, 25.

11101111.111115111 5, 14. tund
11111111 1. 203.

runge 1. 1111111111 8, 150.

1111111. 111. 317.

11111111111117. 181.

ruspern 11111111 lv. 585.

1111111111111. 13. ’

 

