101 0011111111.

‘tal m. und 1. 11111195. 011111
1111111111 1. 111. 45411.

11111111.1111115,53. ,

11111 111111 B. 62.

11111111. 111. 630.

111111 111111, 11111111. 152.

111111 1. 115.

1111 1111111. 3. 11111 111111 1. 233.

1111111111. 11111114, 157.

111111 1. 11111111, 11111114, 73.

111111 1111111111 231.

11111111 11].11. 111. 1111111111, 11111·
11111 11111 l. 254. 11. 618 791.
1,11.

1111111111. lV. 214.

11111 1111111, 1111111111 8, 65.

1111111112, 1381 1111111.

1111111111 2, 1331

1111111111 1. 1111111 t. 1V. 013.

1111 1. 1116311 111. 211.

11111. 1111 Β. 133. 01111111 111111,
10111 11. 211. 1111111111111-
111011 111397. Β. 29. 1011101111
111111. 133. 1111111111 11111
1. 1. 11 111 1101111 1111 1. 107.
111 tid lV. 469. 11 1111 tid
1111 1111111511 7, 52.

11111111111111 ιιι. 11726. 111. 447.

1111111151111111111 11. 160.

titel m. 111.

11111 1. 1111111111111111 1. 421. 11.
69. 74. 114. 120124128. 2, 66.

1111110111 n. 11. 97.

111111111 111. 429.

11 praep. 11. 10 11111 um 5 111
2, 23. tom stando 1111111111,
11 111111 2, 26. 10 1111111 11

“ 111111, 1111111117. 461.

111111 3, 29. ι. 11111111.

11110311 11111111111111111 111111
11111111 8, 34.

1011111111 1111111111 1, 5.

1111111311 B. 5.

,1111011111 1, 21.

11011111111. 1111111111111111111. 46.

10111011 11]. 1111111111 l. 367 5.

togrinen 1111111111 2, 29.

1011111111] 1111111111 1. 372. 1

10111111 111. 1101111111 Β. 16.

1011011111. 11110111 111457. 1

10101111 1111111111 134. ’

10111111111111111111111111. (11111111- 1
11011.3,117.

11111311 1111111113, 35.

10111111. 1011111 11070. ·

10101 11. 111111,111111 lV. 503.

1011111111 1111111111 111. 631.

10111111. 111111. 111. 432.

11111111, 108.

10111111 1111111111 1101134.Ι

1001111111 111111, 1111111111111111,
151.

10111111 1111111111 Ι. 110. ¹

toron m. 111111111574111111111111

· 4, 65.Ι

1111111. 1111 111263.

1011111111 1111111111 1. 245. 11. 753.
111342.

1011111 11111011 111. 51. 53.

1011011. 111. 2151

1011111111. 11111119. 233.

10111111 111. zusammen 111. 30. 346.
lv. 493. gegenseitig 2, 33.

10111111 1111111111. tamen.

11111110111 1111111111311 118.

1011111 11111111 l. 283.

10111111 11111111111 2,1 232.

1111111 1111111111, 111111111111 11,

50.

10111 1111111 111315. 9, 97.

1011111 f. 1111111112, 70.

101011 adj. 11111 11. 90 0.

1011100111 111. 11111111 111. 225.

11111111 2, 104.

1111111111 1. 21. B. 61.

11111 11. 1111111111 1. 150.

trane 1. 1111111 111433. 3,151.

trecken 1111111290. Β. 67.

111111 111. 236. 1111111 11111111

11, 22.

 

