298

3) 6166 666661616611. 86.
66611666 ιιι. 166161ΠΙ. 18.
6611111666 6666666666 6166611 6, 79.
666111166 m. 1116666 166. 21. 11607.

ΠΙ. 440. ⁴
6661616161 6. 166. 16.

6661166 m. Ι. 79. 84. 6661166 666

6661 66616611. 1102. 11. 239.
6661616116 adv. L 160.

66616666 17. 677. 6 66616661.
6611166611 134.
6661616616161 616661616616661 Π.

336. “
66616666666166668,187.6.66616666.
66616666 ιιι. 8, 191. 204.

66616 6. 661. 666666 Π. 767. IV.

398.

6661666611 m. Π1. 160.
66616661616611 1. 11. 562*.
66616616616166161 ιιι. Π. 703.
666166 ιι. 3, 34*. 6, 74. 6611166 666.

6616666. 616. 6616, 6111611661

IV. 362. 670.

66111611. 61666661 186.
6661616666611 t 6666166666 IL 389.
66616166 66661666 IV. 396.
6661666166 1 36.

6611166 1161666. 666161111, 60.
66616116 1. ΠΙ. 266.

6611166 66). 6661611 11. 300. Β. 16.
66616166 1. 11, 7*.

66616661 666 recht 111378

6661661 ιιι. 1666661111, 6616616666 Π.
601. 666. 61661.

6661661166 ιιι. 666 boin 10, 68.

6661666666 6661666666 3, 96.

’ 6661666 ιιι. 66616666 Π. 7681. 786.

66616666 666166666 3, 43. 6,106.

. 66611661 adj· 1) gendo, 6161666 ΠΙ.
136. 2) 66616661, garing 166. 29.
190. 11, 11. 3) 6166611, 616161-
ng ΠΙ. 97. 393. .

schlichten 666666 1v. 614. «1138.

66611611 m. 6611166616 8, 176.

6611111166 6661616666 2,149. 3, 70.

ΠὸΒΤΕΒΒΠΟΗ.

66111. 66116 vorbi 61666 1166166666
1, 207. 6. gaen.

66611666 6661611611 111646. 8130.

6611116666 666116166111. 433.

6611111611 6661661166, 66666611 6, 36.

66611166 6616661610611 6, 93.

6661116661 61, 1Π. 189.

6611111666 66616661, 616 111066666-
666166666 Β. 41.

66616166 66666166 11. 499.

6666666166 66616611, 61116166 8,
67.

6666666113 661, 6666111 1112.

66661666 6666116666 1, 7.

66666166616 11. 496. 17. 39. ¹

schmerig 66]. 6661616116 IV. 61.

6666111 m. gen. 1661116666 Π. 674.
6. 66111.

6611111116 1. 66661616 Π. 380. 694.

6661111166 6661661666. prta. 666661116-
166 IV. 652. 6, 40. 8, 139.

6661661166 6111 mit 66666611 Π.
471.

6661116611 adj. zierlich, angenehm Π.
69. 666666661661161661166 ΙΠ.
309.

6666166666 6666166166 IV. 267. 616.

6666616616 6666666616. 666. 66
vita hund 4, 93⁴⁸.

666666666 6661166666 8, 138.

6666116616 6166 6661116616 2, 104.

66666611 ιιι. 1) 1661611661 1. 367. 11.
272.Π1. 109139. IV. 666. Β.
126. 8, 64. 2) 6666616616 1Π.
367.

6666661166 66666666,166611 ΠΙ. 196.
IV. 218. 2,119. e,41.105.

6666661666166 1. 11616666661166166 6,
96.

6611666666 adj, 66666611, 6666611166,
6611666611. 368. 06666666661116611
11170.

6666661166 ιι. 6666116666 Β. 67.

6661161166 sik sich 16611611 6, 34.

 

