” 1611111111.

1111111 111. 11111111, 113111111111111
11. 451.

111111 ιιι. 1111111 1111111111 1. 111
2,179.

111111 1. 111. 1111111111 111. 384.

tripen 11). von trip 111611 1161111111
11111111 1. 406.

1111111111 m. 3, 20*.

1111111111 1. lV. 473.

1101111111 111. 111. 457.

1111511111 11. 773*.

1111111. 6, 38. 79.

1111111111 1V. 270.

111111111. 121. 1111111. l. 125.
hi minor truwe 1111111111 1V.
608. 1111111111 11. 301.

111111 glauben 11. 685. ·

11111111. 1) 11111, 1111111111 1. 7. 11. 75.

1. 111 1111161111215. 2) 111111

4,143. ·

11311 ιιι. 11111111 11. 729.

, 111, 11111 1. 1111 1172. 1. 11111.

1. 111 111111 7, 3. jungferntug
7, 45. 11,18. 2) (ling, 11111
11419. 111111111111111111111
1111111108.

111811 111111 11. 300.

11111111 1) sik 1. 1. 206. 5,14. 2)
11111. 1111111118, 171.

111 11. 11111 1. 348. 11. 552 6.

tunge 1. 11131111. 156. 11111111
tungen lV.44*. tungemalen 1v.
611*.

11111 1. 111. 22.

1111111111 1. 1111111111 11. 757. ’

111111111. 1111111 3, 123. “·

11111 111. mr 111. 111. 269. IV. 631.
ι, 11. ’

two 11111 111. 422.

111111 11111113, 9.

1111111 11. 11111111 11. 1. 1111111111-
toln Ι. 43. 111111111111111. 11111-
1111111. 111. 3111111111 genus
11111111 111. 259. 1111111111ῑί1
11). 1. v. 1. 1111111111. tw. sin

1111111111.

11 11111 11111. 53.

11111111 10, 48*.

twintig zwanz'ig 1. 396.

twiskendrssgen 1111111111111111-
11112, 79. >

twisseln 5, 7811

111 1. aulo. e. 111 11111 1111111111
111411. 10, 44.

1111111111. 11. 279.

1111311111 nich 111111111111 11. 422.
1111111111 IV. 294.

umgripen um sich greifen 11. 329.

1111111111 1111111111 11. 784.

1111161111 1111111111111. 310.

11111111 111. 11111111 1. 230. 257.
11111111 11. 572. umbsus 1,16.
9, 52. ’

1111110111 1111111111 Β. 72.

under 1) praep. mit 111. 1. 111. 1.
179. 111. 330. 2)111. 1111111420.

1111111111 m. 11111111 1. 280.

1111111111 conj. B. 184.

111111111111 11. 407.

undergahn vergehen 111. 38. „

111111111111,-111111111 1.]11. 11.
362. 111. 96. 11111111 11. 38.
1111. 11111111111111111111 11.
718. 11. 111 111 dat 11111 1. 161.
111111111111111 111114. un·
derscheet m. 111. 31. 11. 40.

1111111111 1. 111.

11111111111 1111111111 2, 28. 85.

underwegen laten lV. 690.

1111111111 111. 1111111111 ll. 113.

underwinden IV. 621.

1111111111 1. 3.

1111111111 IV. 302.

1111161111 111. 1111131111 111111 3,
185.

11611 m. 11. 460.

1111111 adj. 111. 191.

ungelegenheit 1. 11. 209.

11311111 (unglik) 1. 231. IV. 520.

ungemak n. 1. 397. 111. 63.

1131111111 parto. 11].11111111111

11,

 

