0001001610.

11011111 1. 207.
1011010110 6, 2. ·
11611001 111. 0111110110110111 11639.
,11011011 f. kunweil. 11011011 Β. 23.

»1101101110171111 11 k. ..11111111

1111

,11. 20. ,,
11011 f. 1011111247. . .
116110 1. 1101111111 111. 874 IV. 262.
. 1, 114. 122. 161160011101101
2. 1161100111 18, 65. 116110-
111001 010011111101111111- 1, 22.
30. 1611111001 1, 2. 1161100-

· 1111 3, 68. 8,19. 1611011110 1,

149.

’ 11111111 1. 01110. ’ ’ -

1161101 01. 111111 maes. 3, 61.
0001101110 1966291. 111. 647. ,
1111115010 9, 98. · .
11101100 111. 490. 1
1111111. 1451. 111369. 1111, 1001
9, 69. , .
,1111310 3, 81⁵.
1110160110 f. ,11. 101.. 11111101 01.
11. 661. 11100110001Μιι 1101-
111011111101 Β. 94. 1110101111οι
11667. 1101011101 0. 11111. 01.
11000110111164. .-
1111011111.1.460.
11100111. 1,.8. 3, 98. 4,110. 8,
66. 91· . .
11011 1116100- ἵ
111010 1. 11111 ,17. 420. .
1110101111. 11111 (111111011111) 11.
275. 11111. 11000111ον11.
,111110 ιιι. 111. 317. 1110013111 ιιι.
8, 79. 1110011010 11. 1. 17.
1111000 1111011οι011 1. 308. 1101110130

· 111. Ι. 26. 1100110110 kt· lv.

286. 1111110· 11. 01010 1101 am
finger 111 don 11011110 11001111
. 6110111000 2, 214. .
111000 ιιι. 1101,111110111011 111. 323.
,111001 ιιι. 1011011111 11111.
krogfledlem. 5111601111111148.
11160100 11111110, 61001111 11. 806.

’287

1101108111) 10111111 11911 2) 1100-Ὶ

1011011012, 167. -
1110001. 11001, magon (11116111 1.
325. 5, 92. ,
1116001111. 11110011 5, 94. 10, 27.
1150011010 ιιι. 11110011 6, 56.
1116001000.ι1111.1οιι 11001 1101 B.
58. 1111611610.
1111101 0. 11101 1100101210.
1110110 ,1. 11111 1, 124. 186.
110100011311011101101111116, 46.
11110111. 349.
11010010101111011111011538. ‚

,111011 11111111 1. 101. 326. ιι. ’

4485. .

111001 adj. 11. 568. 608. de kop

¹ werd mi 110011111111111111-
.1101,111611101111 111369. 1110010
100 7,, 62.

11111010. (1111111111) lV. 179.

. 1100111101 1100011111. 110 k. 10111

101 halen 10110111. 11. 316.
11111100 n. 11011110 1. 336. &188-
11111110 1. 111111 11, 56.
kale 11111118, 136.

,1100111 161. 11111. 24. 111. 257 ὃ.

11001000 m. 1010010, 111016οι161
11151151. 111. 1111111 111. 491.

,11110011 adj. 11609. ,
,1101101101 m. 2, 82.

110110 fq 1011011 111181.

,1101101111 adj. 1. 64. .
-11001,1110110010101. 11011 1011111610

L 64. .
111100 ιι. 1101111. 86 ὅ.
111111οι01101 ιιι. 1100111100 4, 18.
11011111 f. 1110011111 111. 114. -.

,1100101010011100 plur. 11. 761.

1100001100 1. 1101101111111. 679.
100001110100111603. daran 110·
gen 1110111111 (111010110111111110

3, 107. 142. . .
langa 01110. 01111. Um, entlm

 

