284 1111111111

1111111111111111 1. 415. Junkdom 11111111. 311. 111.

11111111. l. 295. , 11111111. , 1111111111 1. 1. 958. 11.
’11111111 111. 11111111. 15. 1. 51 6. 750.

1111111111 1111. 111111 111. 776. IV. 11111111. IV. 467.
562. · just 1111. lv. 439.
111111. 11111 11, 740, 11111111111111. 1111111111111111
11111111. 3, 111, 11, 72. 111. 11. 11. 1111111170.
1111111111. 1. 305. juweleren 111. 4521.
ja 11111111 gewis 111121. 111111111111111. 111. 11. 75411 ·
1111111111 11. IV. 175. 111111 111111 111. 190.
11111111. 11. 229. 1111.1111111111111111111111,11111.
1111111111 1111. 11, 596. 736. und ut dem 1111 1111111111 111. 466.
1111111111. 11111113111111. ·
jeder pron. 111111 11111111 1111111111 1111111 11111111, kappa. 1111111·
9. 11606. 111. 43. 11 jedern gele, 1111111111 mhd.wb.1.
3, 78. 5851. 11111111 11111 mi 11111
jegen (jegn) 11111. o. 111. 1. 351. de kagel (111111 steht 1111111111
jemerlik 1111. 11. 436. 111111. 66.
ji pron. pers. 1111. pl. 9, 9. 111. 1111111. 1184111408.
juvor 11, 76. 11111111, 111. 3, 21. 1111111111 11111111111111111. 238.
111. juv 213. 111 1, 203. 11111. 1111111111.
jo 1) 11 11. 251. 665. 2) 1111111. 1111111 6, 7. ·
13.17.611.1.110.3,115.1,11. kaken kochen Inh- 18 ὃ.
12. 3) 11-1111-111111 4, 111111111111111111,111111111111
1. 2. 111. 316. 111. 111. 11. 719.
1111111311 11111111197114. 11. 1111 111. lV. 137. 1111 1111111111.
. 301. 1111111111. 111111 IV. 912.111111111111111111111111)
666. ΙΙ. 525. k 1111111 lV. 158. un·
j6ken 1111111 111. 432. banis 11, 7*.
jope 1. 112114. (81111111.) 1111111 11. 111. 4701
11111 1111111,1111111111,1111111- calendar 11. 111111111111111 ca*
111 11111116, 170. 111111 1. 408⁸.
jachon 1111111111 1, 71. 11111111111 hane 11. Β. 61.
11111111 8, 31. 111111111111111111,111111111111.14.
juek hebben 5, 96. 551.
1111111111111. 1111111 1. 11. 6921. 697. ’
junfer 1. virgo 1. 441. 11. 55. 111. 111111111111.11ρ11111111, 11111111-
2522611444. 11,14*. 1111111111 111111111 IV. 278.
111. 11767. lV. 290. 11111111- humen 11 1. 111. Β. 42. 11111111.
1111111111 11. 11. 48911 junfem. 11.11111.1111111.75.
11111 1. 11. 755. jungfrewlin 1111111111 1. 11. 61811 111. 82.
1. 181. 1111111111 9, 50. jung· 9, 34. ¹
mamburnum 7,17. 11111111. 1111111111 11. 1111111111 111. 448.
1314121368. 11749, de jun. 11111 1. 8, 121. 1111111 1. 111. 452.

. gens 1111 111111 lanu 111. 210. . 1111111111. 111147.

 

