218 LESARTEN UND Amnum.

30. 446. 115555 4. 448. 5555 4. 555 a. 5. 4495155115 555555 2.
ys gemeen 4. 8. 450. 1555555 1. 1*. 2. 1555555555 4. 451. 55511155 4.
453. 5155 1. 2. 454. 5554. 455. 1115555 4. 459. 5545511 5810. 464.
5655555555155155 2. 467. 55515114. 471. Vela. 5. ’15555154 472. 555515
2.,473.15155Ζ15515 2. 476. Τ555515 4. 480. 85555 4. 555552. 515552.
555555 4. 482. beg6nd 2.

31. 483. 5515155 1*. 5515555 2. 55115155 4 484. 555555 4. 5555555 4.
485. 55555155 2. 487. 1551515 4. 555 4. 499. 9555551114 512. 5555555555
8.10.14. 513. 555 1*. 4. 5555155 4.

32. 522. 55551551*. 52451555 a. a. 525. 55115555 527. 5155154 ’
528. 55555555 .. 515 8. 1014. 530. 9551 1*. 4. 55055 1*. 4. 539. 551
15551555 4. 542. 4155 4. 548. lang 4. 551. 1555555 4. 553. 55155515 4.
557. 155155 a. 5.

33. 563. 515555 2. 565. 5555 4. 567. 51 55 a. a. 572. 11555512.
574. 5555515114. 575. 8155555 aa. 581. Vela. a. 555554. 583. 55555
1512. 584. 55554. 585. 5555. a. 591. 55515555 4.

34. 598. werde 4. 601, 15 hogen 5551551 555 8. 603. 1151555555 1*. 4.
155555 4. 610. 6555535 4. 611. 555 555 5555 1.2. 612. 5551555 1*. 4.
613551155555555 55555 Ρ5555555555 2. 614. Ρ555155 2. 617. 51 555
4. 621. 5555555 4. 623. 5555112 625. 551 1. 1*. 2. 555555 4. 631. 551-
555 4. 634. 85515555555555 2.

35. 635. 555551 1. 1*. 2. 640. 55 4. 1155 4. 5555555 a. 5 555555-
55515155 4. 651. 555 55 5. a. 155555 5551 4. 659.Ι 551 5. 5. 860. 5555555
a. 5. 661. Kramen 1. 1*. 2. 662. 51511551. 666. 15555 2. 671. daher
1*. 4. .

36. 673. 01114. 676. 51155551 1*. 680. hogen a. 5. 681. Finger
glenssden 4. 686. Borgemester 2. 855555555155 4 687. 55555555555155
1.1*.2. 155 2. 693 5555515514. 694 55 a. 5. 695. 55515515 2 4. 697.
Vnt 2. 69815555 4. 700. Wpff 1*. 7026151155555155 m.

37. 713. 55512. 714. 555512. 716.1.ioe:der1>ythagorschen. 717.
1511551 a. 5. 720. 15555 2. 55 5. 5. 724. 155 55555155 2. thom 5555551555
555155515115555554. 726115555551555512. 740. 55 Yver 4. 745. 555
5515 4. 746. 51155515 2. 51555 4. θ

38. 749. 15555 2. 750. 551 155515 ,4. 752. 55555555 5551555 1*. 4.
753. 555554. 757. glyck einen 4. 758. 3555555555 4 760. 8555555552.
under de 1. 5. α. 764. 55555114. Η5555555 2. 767.]·551551155551.1*.2.
1551551555554. 771. Β55555555555515 1*. 4. 155555 4. 773. word 4. 775.
15554. 7771155555. 778. 15555555 a. 5555 1*. 4. 780. 555155551154.

39. 787. 555 1*.4. 795. 555515 1*. 5551515 4. 796. 554

ANMERKUNGEN. SGHERZGEDIGHT IL

7555 5155555555 mammem.- 5155551555, 5555555 551 55555555155-
155 515 form 5115555555, 515 555 dem 155. 51555555551155155 55155115.
Was zu 515555555555 555 5555555535 5511 5155155555ὼὼ (alam)

 

