310

15551155 511 Π. 5291

155515 1. 11. 266.

15511515 5. 15155515, 1551515 5, 71.

155555155511551 n. 21061

flego 55. 55555515515146. 5, 71.
551. 1155.

15155115155,1515151555155 1294.
9, 29.

1515555.ι5555511151555 55551. 151.
115155 115 5115155 151155 4, 151).

115155 1, 83. 11155 1204.

1155 551515155, 5515511151 15555 2, 64.
173. 4,18

1111555 5, 34.

111 m. 15111 128. 11. 144. 1111511
adv. II· 422.

111155 5, 113. 1111551155 5. 2, 71.

15 m. 11115 111. 352.

15551 ιιι. 15551. hocbflegende 1. IV.
399.

1551 51. 15515 1447. ’11155 2, 119.

1555 ιιι. 11 682. 15555 511. 1425.

1551115515 1. 2, 201.

1551 511. 5, 95. 15515 511. 1, 78.
5,17.

’ 11115551551555 2, 78. 5,15.

15155 1111515 1. 88. 9, 52. 5115. 161555.

111111 11151515 1410. IV. 563.

15151115 pl. 11726. ΙΠ. 220.

11155555155515 1. 4,160.

151, par ma 151 ΙΠ. 3131.

151155 151155 Π. 346.

1515 1. 15115 2,133. 3, 54.

1511551 Β. 111.

1511 5. Ι. 876. pl. 1511551. 213.
5115 1511 1551 15 515515 197.

111113 51]. 15111115, 92

111 55555. 1115515513. 2) 115,
515111137. 115 511 551151 ΙΠ.
848. 115 gewis 1v. 479. 155
sik nemen 515515155155553, 105.
115 15551 515 51551 2, 121152.
155 stow 2, 152. 15515155155
515 15155155 2, 82. 115 pant 515
11551 L 162. 551555151155 515

1103121160οΠ

55515151 115 151 5515 155 du

551555 1136.

115 5155551155. 55515 115 155555
515 spata 1453. 1555141111.
541. 5. 5551515155.

15555 15155. 1. 15555 Iv. 481.

155111 5555511 186.

15515151511. 5515551, 5515555555
l. 27.

1551551 ιιι. 11560. ΙΠ.94.

15555 11115555 Ι. 94. ΠΙ. 405 2)
1511555 ΙΠ. 181.

11555 = 1151515. 15511205.

15515555 5111. 549.

155155151511. 1553555551 1. 218.

11511111 5. 115 511555 2, 132.

15515 1. 15555, 1155-, 5515115551 8, 110.
15515551511 m. 15555 51151 8, 94.

1551555511, 10.

1551551555 15155555, 55515551 515-
15155514, 60.

vorleggen vorlegen Ι. 134.

11155551 155551Π. 780.

11515555 IV. 222. ,

1551111111. 1551155 4, 81.

form 1. 55151111. 202. 414. ΠΙ. 40.
75. lv. 438. 572.

11155111 511. formosus 10, 60.

1155155 1.]1551155555 1138.

11555155 adj. 1. 124. Π. 264. 115-
nemen sik III. 274. 1155555111
511. Π. 39. 181.

155511555 pl. 111. 174.

1155551 m. 111. 174.

15155115 m. 1511551 5, 89.

1555155155 1555151555 3, 83.

1555515115511 311.

11555551 m. 1155555156, 3.

11551515 1125. ΠΙ. 464.

155515511515111. [V. 627.

1551 m. 1551 1v. 278.

1551511. 1151155 8, 113. 152.

1555515155 hervorbringen ΙΠ. 80.

155151155 Π. 171. 5. 1511511511.

1551515552, 177. 15515555 51115

 

