1611111111.

222. 111111111 1. 11. 244.

1161111161 1, 79.

mbr 161. 111111 6, 20.

mores 111112, 86.

1111116111. 111 38

1111111 m. 1111111111 11.- 336.

1111111111111. 11, 11*.

1111111111 11, 11, ιιι. maten
:gretan 1 123.

111111 11111111, athmon 11 lat
4, 86.

move 1. 1111111448. Π. 286. 606.
m 1761111.

111111 1111111111111111 Π. 064.

11161111 n. 1111111 mund 11.154
11111111 B. 3, 66.

1116116611 1. 1111611611, 11111111.
11111111111 111111111161111·
111111111611 IV. 016. .

1111111 8, 66. 92.

munster 1. muster 2, 60.

mus 1 111111. 1133.

11111111. 1111111 Π.174. 11161
de 111111 3, 22*.

111113 1111111111, 11111116, 26.

1111111111. 11, 17.

1111111 1. 1111111 7, 66.

mutto 1. 111111 Β. 93.

1111111. 1v. 462. 2, 61. = 11111
6, 62.

1111111111111, 16. 1111111111
111) 1111111111. secundum:
1111111111 und 1111463. 2)
161. postea: 11 111 161, 1111111
vor I. 463.

nah comp. 11111 3, 18. 1111161111
2, 123*. 111113, 69.

111111 11111111 Π. 61. 233.

111111. 1111111 11 388. 1111111
1, 12.

1111111 8, 221.

11111111111111. II. 479*.

1111111111 m. 1111111111 Π. 206.

1160111 1111111111 Π. 148. 184.

ungendo 1611111111111111. 16.

1131111 Π. 87.

1111111 Π. 291.

1111111111 1111111 Ν. 18. 111111
92. 111111111206.

damen orlmgen IV. 453.

111 m. 1111111. wiso 1. IL 9. dumme
1. Π. 777.

11111111 1111111111, 1111111611
ΠΙ. 363. 111. ιι. ΠΙ. 429.

1113111 1111116 1, 96.

1111111 IV. 666.

1111111111 111111111111 6, 6.

11111 1. 1111Π. 166. 11111111111
1. 11. 768. 1111111111 1. 1 189.

1111111. 322. 417. ‘

1111111111. 1316. Π. 123.

110111 161. 11111 Ι. 27.

neddergahn untergohen III. 31.

11661111116 1. Π. 8661

1166111111 111. 1111111111. 396

1111 1111. 1111 1, 36. 4, 3. 86. 86. 6,
611. 116. 10,14. ’

loen, interj. 1111. 111 1111 11. 200.

negen 1111 11611 1111. “

negen sik 1111111111 Π. 617. 626.

11111 11111 11. 401. 111111.

1111111111 1. IL 60³2

1111116 pron. 1111111611.1.1.111.
26. 27. .

nemen 1v. 337. 1ο 1111111111 11
sich 1111111 Ι. 282. 161111
1111111111 1111111118, 106.

1111111 2.
11111111, 111111 adj. 1. 224. ΠΙ. 130.

1111 1. 11, 24. 11 611 1. 1111111
2, 240. 11111011 1111111111,
1111111111 101. 1111111111.- ’
11111111 Ι. 29. Π. 667.

nest n. 1111111 ort 129. 1111111
111111 8, 93.

1111111111, 204. ’

nete 1. niue, 111611 Π. 392.

1111111111 ιιι. 10, 681

nicht 111. 11111 1111 bone 1. 3021.
11111111111111139. 1111111111

19ἸΙ

 

