‚ 1111111111.

1111111111 ιιι. kannam, zinnglossor 1111111111 m. 11. 6111 .
11704. · 111111111116, 58.
1111111. 116271 ’ 11111 ιιι. 11311 1. 372.
1111111111 2, 2021. - 11111111 1111111 11. 167.
11111 ιιι. 7, 35. - ’ 1111111111-111 3821
111111 1. 1111111111. 138. 11111111 Ι. 2631
111, kappe 1 mantel 11. 7591760. chirur‘gin ιιι. 111 4141
111390. 1747. wie 1111. 111111 111111, 11111 5,114. 11, 10.
1111111111111 11. 630. 17. 448. . 1111111111111111. 366.
1111111111111111. 1111111111 1. 1111111118, 136.
1111111111, 11111111 6, 49. 11111 111111, 11111111 3, 117. 8, 100.

³ . 11111111.17.113.211. 113.121.137. 111 1111111111

1111111 1111111, 111111 1, 84. ’ 11111 17. 60.

humen v. timon 17. 276. 1111111111 1. 1111111111 17. 247.

11111111. c. in (111111111437*, 111111111111. 1111111111111111 111.

1111 11. 111111, 1111111111 111. 480. - 374. 17. 252.

1, 71. 3, 30. 126. 161. · 1111111111111 1. 1111111111111

katte 1. 11111. (11111111. 174251 · 1. 360.

111111111111 1. 111111111111111, 1110111111111.2,·2*.
111111(111111111111111111111111 111111. 1. v. 1. 1111 1111. (111.
3, 98. 111311111111111111111111 6. x

1111111111. 1194. , 1111111111 1. 111111111111111 2,

11011.1111111333.17.478. 11- < 12. '
11111111 1111112, 52. · 1111111001 11. 200.

1111. 1111 11111 11111111 11111111 111111. 3, 441 11 111111 vul 111111-
1,1.’4,12. 11111 11. 661.

11111. 1111111. 1111111 1111111. 111 ιιι. 111111 4, 2. 11111 111111 11.
1111111111111111 11111111, «1111 174 ὃ. 111111111118, 49.
11111111111111 11, 1. · ’ 1111111 111111. 11. 114. ·

11111111111111.-463.11.58.10,42. 11111111 111111 11111, 11111111111

111111 17. 552. » 11. 439.Ι

keke 1. 1111111111, 11111 1. 167. 11111111. 1111111111. (111111111111
17. 687. 111. 1111. 1111111111 111. 12.

1 . 2, 46. Δ 1111111111.111111.111111

1111111111 11. 1111111111 (11111111 7, 8.
17. 590. 111111111 1) 11111111, 111111 11. 529.
1111 1. guttur 12346. γ2) 11111111 17. 633.
’ 11111111. de 111111 1. vird der 1111111111111 1. 1111111, plauder-
111111111111111111111. 765. 111111 6, 18.
1111111111 ιι. 11, 6*. 111111 1. 11111, plur. 1111011111. 37.
11111111 pron. 11. 66111 1207. 11185. 111111 11. 351.
11111 ιιι. 1111 11151. 2, 2. 11, 11. 1111111 1215.
11111 1. 111111 17. 195. 648. 111 111111611111 1. 11. 23. 111. 32. 73.
111111. 11161111111.111.31. ⁶
1111111111 1. Β. 17. 1111111111 1. 11111111111111111

 

