m mmmm

mmm · “ mmffifflmmm
1111111 1. IV. 3061 ’ · 1111611 1111111111 186. 1111111
1111 W. ¹dom h. IV. 666. 666.
hild 1111111113, 6. 1111111111. 111111, 11111111 10, 21.
11111111111111111614. , holla intorj. 11. 491.
1111111111 114141 holten. 1161111 161. 1111111. holten
111111111611111111111111 1170. , 1111 1114061 1161111 1111111
11111111 impedire, 1111111117. 621. 111462. ’
hinderquarteer 1. podex 111482. 111111 m. honig 6, 110.
111111, de 111111. 111. 279. 11611111 1111111111 11. 261. IV. 361.
11111111. 111. 2711 1111 1. pl. 16111 lv, 666.
11111 111116,116. 11, 73. 1111111111. 11 hop 111111, 11-
11111 adj. 1. 161. IV. 621. 1111 sammon 11. 277. lV. 311. 604.
1611111111. 11 111 mir 1111- 1. 6, 67.
11111111 xl. 666. 11111 stigen 1. hoer, 1111 1. 1111 111177. 208.
466. 111133. hoger 111111 111. 1111111111111. 168. 360..
436. 111111 11111111 111611111111 1111111111. 111. 212. 1, 164.
lv, 106. 111111111111. 7,17*. 1111111 1. 11. 660.
11, 46. 1111016111, 1111111- 1111111111111111111111111110.
(11111 1). adj. 1111111111 lv. ’ 1111111111111.111111111111111
669 6. 211111161111111111. 1111111111200.
626. 111111111111111111. 11362. 1111 pl. 16111 horn 1169211696.
111266. 11147611. 82. 1111- hose 1. 111. 63. . ¹
111011111111111. 11111 111. 409. hontig 16]. 1111111 4, 166.
1111113111111111399.11111- 1111 m. 111 11. 670. lV. 61. 316.
’111111 11]. Ι. 146. 11111111 1. ’ (1111.11111111Ι1161.
11111111 IV. 247. 267. hoge tid 1611111. 1111111111 11. 696.
3, 67. hochtidgedieht n. IV. 1611111111 1. 1111111111 1. 166. .
260. 1111116111 adj. lv. 600. 16111 1. haupt 11. 416. B. 121. mit
1111116111 1. 11. 62 11111111 dem 1111 111111 1611111111
, 111. 11260. mit 1111 1111111 111111111111
hof m. 1111111111. 1111111611111 11262.
1. 11129211 have 11602. IV. 16111111111 1. 1111111111 11186.
696. 11111111. 11111 1. hof· h'ow 1. 11111. 662.
· 1111111111111 1114421 111111- 111111111111111111111114161117.
, dig 161. 111673. 1111111111 11111111 111111111116, 69.
m. 111. 443*. 1161 161. 1. 111111 morgen IV. 203.
mmmmm amm
hugo 1. 11111111 1, 29. 10, 61. 1651- 1111111111. 11. 726*.
1111111111111111111111111. hudeln 111011. 11 11111111 1. 11.
11111 1111111111111111116, 123. 108.
1111111 11111117, 660. 1111111111 111111 11111 6, 86.
1170. 11611 11126111111111111 huden 11111 11169. IV. 106.
6, 26. 11 just 1111111111- 111111116111 111116,111. -·
den 111439. 1111 1. 111. 26. 36. bulen 111111 1,.97.

 

