WORTERBUOH.

, . 611 11. 73.

11111111. 11 111111 111. 1111111611
1. 406.

1111ρί111 1111111111 111. 318.

1111111111 11111.

1111161111 111111111 11. 10611123.

1111111111 111111116111, 1111111111111111
ll. 164. ,

11116111 111. 306. 111. 1111111111.

1111111111 11111111111111. 292.

1111111111111111111111, 111ροί111111
11. 84. 111. 407.

mugen 1111111111. 311111. 1111111111
1234.

1111111111. 611 2,163.

111111 1111111111 IV. 324.

11111613 adv. 1) 11111, 1131111111)
111. 391. 2) memoriter, 1111 dem
godzchtuisso. 11111. herseggenlv.
426.

1111111 1111111111 1111111111 IV.
226.

1166111111111111 3, 144.

1161111. l. 36. 111111. lv. 173.
1, 41. ·

1161111111 11. 11. 42. .

11111 1. 11111. 11111111, 1111111111-
11111 1v. 111. 111.

vagel m. l, 62.

1111111111111.

11111 161. 111 2, 216. 8, 16. 136.

1111111111. 1, 23.

111 praep. 1. (111. 111 dag 111111
11. 144. 1111111611111111116

¹ 3,140. vnn 1111111 1161111111

von vom und 1111 hinton 11. 641.

. 1111111112, 171.

11111111 m. B. 81¹³. 111111111111.
16. 1111116111 adj. W. 342.

11111111 11 porc-ellus lv. 447.

11111 1. 11411.

³ JQQQLMMMOG.

*111111111111 1. 1, 7.
1111 161. 111111. 666.

1111111111 11. 11. 6061.

307

111 ιι. 110 117. 636. 61 11116111
111 hebben 611 1111111 huben
111476.

11111 111111. 11111 112422. 111111
361111 plut. lv, 417*.

161311). Q ann, durftig. 1. bloot
111111 11113, 134.

,11101 1. 111. 1111111. 1) guast 11. 673.

2) 11. 664*. 667.
11111 1. 1. 201. 416 ὃ.
1166111. 1) 11611, plur. 116611 1.

· 323. 1111111111116. 2)

111111111611 11. 431. 4,171.

11661161111 1. 11. 136.

veel 161. 1111 11111611 1111 1111111
1. 111.

1111111111. mongo 1. 36.

1111611 1111111111, 76.

veertyd 1. 1111111611 7, 62.

11111611 pl. 6111101111. 36.

vogen 1111111111111111113, 71.

,1111111111 1. 111. 160. 11111 111161
11, weil 11 611 benneham 611
11111111 1111111111) 1111111111,
111 111111111- 1111111111116111111
111111111111111, ιι. 111 111111111111
71116111 1111111 111611.

veh 11. 11111 1. 36.

fei} 11. 1111311, 111111111716. ane
1111 1111111611 1. 409. 111. 111111.

111111 1111111,1111111111 lV. 17.

sel 1. 1. 356.

11111111 161. 1111111111 136. 360. ve·
lichte 11. 426.

111111 11111111111111, 24. “

fenix ι1. 1. 330. 364. 1111111111 1.
dem. 1. 366.

11111111. jungo, 1111111111 ,4, 62. 6, 21.
7, 69. 80. hd. 1111.

1111111111 contemnere IV. 361. 434.

verachting 1. Β. 47.

111116111 11111111 4. lV. 632. 1.
sik verendern.

11111111 11111111, 116111111111 6,
36. 7, 81. 11, 23.

20*

 

