302 ¹ 5555555555.

15555 5515555 1515555 1. 94.

515155 1. IV. 463.

5151515. 11. 500.

stede f. 1. 415.

5151113 adv. 555115615101 9, 39.

51551155515515 511115 7. 39.

5155151515θί. 5115555115 7, 73.

515551 ιιι. 5555555, 51510 11418. 111.
100. 350. den steort 5555 dregen
2,118.

515155 1) 5155155 1. 444. 2) 5155555,
jugan 9, 83. 91.

515111. 515155 1350.

515555 1. 5115555511151. ’

51555513 uu. 51511,555511111ι51ι 2,
125.

51555 ιιι. 1. 435.

5155151. 1. 358.

515515 (51551) adv. 51551 5511155
55155551551155 1. 145.

51555 1. 511555 1. 203. 111317.

515551 ιιι. 5115151 1. 424,

515551515555 ιιι. 11. 6261

51151 511. 5515155 51155, 555111155.
155 5115155 515511 zur 5151115555
5155554, 108.

5115155511511 511. 5155151155 1. 221.

511511 55511511 1. 426

511535 1. 155555 2, 129.

¹ 51155 ιιι. IV. 676.

5111511. 51511 1371111200. 2,131.
adv. 51115 51511 11. 279. 423.
5. 5551. -

5111151 m. 55515155, 555551555515
5111155 5, 74.

51111 ιιι. 515515555, nagal ohne 1551
2, 63.

5111155 1551551555 155. 34.

51111155 1. 11. 28.

stigen ll. 630.

5111 m. scribendi genus 155. 41. 111.
59. 414.

511155ιί5555 adv. 11. 153.

5115155 malo 51555 lv, 424.

511555 5151155 15. 15155555 5155

515555 durch amidam (5115155551)
5115155 11805. 1,,187.

5155111555 15. 111. 232.

5151 ιιι. 51551. 5515555 as stofspriehw.

ι 4143. (115. 51111. angl. 51511.

5151555 5, 61.

51515555 5, 92.

51511551. 111. 129.

51555 ιιι. 5151555555 IV. 673. m.
51515. [115555. 99 51551. 51551155
ιι. demin. 51555555 11790. 2, 116.
6,103.

5155555 2, 67.

51551 m. Ι. 55. Vgl. 5115555.

5155155551 ιι. 11. 565.

51551555 111. 180.

5155155 1555111. 1511551555551 1, 8.

515155 5151155 11. 386. 55551. 5151111·
8, 199. 5515. 5111155111. 310.

5155155 = 5151155 5155155515 7, 64.

strand ιιι. 1435. 11. 454. 111. 220.

515515 1. 51535 11. 679. 11127117.
313. stratenjung ιιι. 11. 81.

51555 adv. 5155511, 55515155 1. 150.
396. IV. 265. 309.

51555155555 ιιι. 10, 631

51555155 51555155, 51555555555155
111. 505. 657. 115151511 511 u
utrecht, mgt 5155 5, 41.

515551, 515515 55155 155 51515555
515155 551155 4, 152.

51551 m. 5155155, gebarde 1. 195. 2,
43. 3,13.

5155551155 ιι. 155. ιιι strumo] 11.
285. (115. 51555551, 51551155.

5155555 adv. 1188.

5155551. 555555151155. 15 51. 51555
als 515155 dienen 10, 52.

51515155 1, 146. .

51511155 111. 232.

5151155 55515555 11, 23. 55555555
11. 177. 5. 5555555555. 5155155515
1, 68, 555551515515555 9, 23. 551-
515515555, 5515155 3, 69. 5115515
11605. sogal 515. 5151555055 11.

 

