308

4441444144 141144, 4144144411. 16.

4441441444. Ν. 407

444444444444444144 11, 70. 3. praes.
44444411 Ν. 29.

44414441441441. 4444441444, 444144411
Ν. 669.

444144444441. Ν. 137.

4441441 adj. 41414, 4441411411 1, 27.
2, 43.

44444444, 444141444 4. 11. 42. 1414
4.1.374.

4444144444 44444444 Ν. 486.-

444444144. 441 werd juw 41411
44444411 44414444 4444 4444141411
44444444 Ν. 549.

serdig 444. 144113 Β. 115.

4444644444 444441141144, 144414 Ν.
2. 411 444411. 4141 441141144-
144444, 441414 441444 Ν. 644.
4414. 4441444444.

444444344 411 1. 148.

44444441 m. 4444446 141. 3. 11189.
Ν. 333. 6, 99. 7, 26. 4. 444
etwas 444144 4141 4444414144 144-
44411. 419. 444444144. 411 4.
14144 11. 360. 111128.

4444414144 4414141444 111. 428.

4444414144 411 4141 4444414144 1. 83.
6, 63.

44444631441. 4444414414, 160.

verdugadin n. 11. 75³*.

verehringe 1. 444414444, 44441441
Ν. 304.

444444444 411 Ν. 563.

verengern beloidigon 11. 689.

4446441444 6, 73. ·

44414344 41111. 100.

44416444 1. 236.

444144444 Ν. 354.

4441111144 44161144 1. 169.

vergeten vnrgessen Ν. 467.

4443441441) 444441144 111. 266. 2)
444411144111. 326.

44446444 44441144 11744. 6,18.
44414144 4114 4141 4414144 6, 33. 8,

4044444444.

163.
444144444 hant 4444444 11. 648.
44414144 1,16.
444144414 11. 69311
44414444144 Ν. 6011.
verjngen Ν. 318.
verjungen 4444144441. 316. 323. 341.
403111. 68.
44411144 44444144 6, 83.
4441144444 44111444 Ν. 397.
44410444 444144144 Ν. 460.

’ 4441114144 4441114444 Β. 133.

4441444444 411 414144414144144 11.
163. ’

444144444 Ν. 328.

44414144 44414144 Ν. 326.

44414444 4444144444 1113694141144.
4414114144. «

4441414441 44444444 l. 136.

444141 nn. erlanbnis 11. 467. 441-
1414444, 441441) 1, 196.

44414444 adj. 414 1644414411. 4114-
sterbeginen 11. 60.

4444444144 s. 11. 320.

44444444444444141144 11. 140.

vermengde 4444 111. 90*.

444444144 411 44144444144111291.

444444444 4444441144. 4. 414 11. 684.
Ν. 248.

4444411444 n. 1411141411 Ν. 118.
44444144 4114111441 Ν.571. 4. Brenn.
44144. 4. 1444441414. 381. ·

4444144 4444444 l. 184. .

4444644414141441344, 41141144. 444
4414414. ihren gebrechen nb-
141144 11. 99.

· 4444411 f. vernunst 141. 23. Ι. 100 ὃ.

¹ 444441114441124.

verplssmpern 4444144144 111. 138.
346.

4444441444 4444414411. 619. 4414.

4444141144 1120. .

4144441141Ὶ 44414411 6, 20.

4444114144 411 111. 69. 44 1411 ward
4444114141 44444116, 24.

 

