288

hart: 55155 1151155 15515155 1.
218.
115515ι5ι515555 1. 11. 5011
11551ιὶ511 11515151 8, 20.
11555 l. 117. 11515 1. 79.
1155111551. 5551, 5555111511. sik
11. 1551155155 1. 239. ’
,115155 ,15555 111. 442.
15555551155555, 55115555 1. 11.
1155555555 5. 11. 725.
,1115155 5115511151 5515 2, 162.
1115 1. 11515, 15151153.
1155115551 l. 1391

. 1115555 1. 189.

,5551555 m. 555515.. ιιι. 55.
111551 1. 5235, Βι. ιι. 11. 791.
5115155ι na 2, 80.
11555551155155. 5515155151) 11.
11. 185. . .
,115515153155155555 11. 60⁸.
Ι1151555511 5151 kronen (5. 51551)
’ lV. 21. ·
, 1155551111555555555155551,114.
1155155 5115115555155 (15515.
. Β. 98. , ,
1115555511 1. 11501.
· ,11555515555115515511 70.
155155 1555155 8, 98. ,’
1555115. 1555555155555551515

551115 155511 515 5515155 odet
gesell 1. 178. ,

1555551. 162.

1555 5. 1. 45*. 111. 48. ⁴der 115555
1555 lV. 429.

15555 5. taine 2, 65.

1555511555 5. 5115515115111. 2811

151555 1551155, 155155511. 168.

1555 5155512, 52.

15111155 5555555555155 11. 587.

,15555515 51. 11. 646*. 2, 64. 3, 31.

1555551555551 5515151555 von
5511555 111. 371. ,

153555155151111. 15111515515118, 148.

110811180011.

mit verbundonen 55555 3, 1811.
1555551 11733. 1151551555
5. 11. 441*.
55555 5. 1ιι. 55155111. 189. 333.
15155. 1551 1533. 111. 294 5.
1015 1. 111515 111. 229. 305.

,15155 5. 155155 8, 6.

15151 11. 522. 557. holt 9, 44. do
1515 11, 60.

11155 111155 lV. 149.

kokedreng 5. 111. 2211 ,

1551 m. 111307. , ·

1111155 m. 15115ι 8, 118.

551115 1. ra. 5551555 111390. 551551
3,17.

,15555115 1. 5. speleu 114.

commendem 2, 86. ,

155555 5. 555515 11. 557.

55555515 1. 111. 312

5555155551 5. 1. 2641 111. 233.
5515555555 2,177. , .

5555155551551511. 1555155555-
rond 1· 1955 291· .

111555 vor 515555 men 1, 8. praet.
m 555. 5, 51 kunde 55.
1115155 5. Β. 38. 1151551111. 472.
05555115 5551555 0. 1271. 555555.

155555115155 2, 671
155 m. 155111. 158. lv, 839. 1, 5.

Ι1555 m, 3, 401 1555 15 1555 3,

68

,155551551511161 η ,

1555155 ιιι. 111. 451.
1555555 5. 1.·93. IV. 167.
155551 5. 155155 2, 55.
1555555 adj. 11. 335. ,
1555555551 5. 155155515155 11.
5555555555 5. 111. 381*.
coquin 1ιι. 111. 333.
15555 5155111. 167.
55555115 11, 37⁸.

. 511555 5. ,1.,,2,9,7.

15511551 m. 1551515551 111. 424. 1551511, 155. 1. 5515551111. 357.
,15 1. 1511. 450. 11155515 55151 15 15515515 15555 11136.

 

