J. LAUREMBERGS LEBEN UND sommi.

11111 11111311 111 11111 11111111,
111 111 11311 mit 11111 111311
1111 111111131111111 springen3

sitzt 11111111111111, 111 1111111,
01 111111 1111 1111111111 11111111
1111 111 3111111 111111 111111.

1111 111131111 1111111111

1111111111 11 1111 3111111 111111,

Du von wollust, 1111’ 111 11111111
(11111 wil frey 111 111111 seyne
wll 111111 111 111 11111111 visson,

1111311111 111 1111 11111 1111111.

1111 11111 111111111111111111.
1111 31311111, 111 111711 1111111,
Binan, 1111111, 111111111111111.

81111111 Amor,⁴ 31111111111 .
111 111111 sehon 11311111, “
11111111 1111111 11111 3111111111,

(111 311111 11, 11 111 111111)

11111 111 Rhodope, von 111 1111111 1101111111.

Β3.1 111 Hymen 11111111111111111
1111 1111111111 1111111
111 111 01111111 11111,
Jupiter 311111111111 1111111
1111 311111 11 3111111
811 man 1111111113 noyn.

2.

113. s 1. Phoebus aptachz 11111 111111111 1111111
(113111 01111111 3111111
111 111 1111111111 311111.
11111111 11111 11311111111
111 1111113111 heller seboin
1111111, 111 111 11111111 11111.

3.

1111111, 1111 1111111111111111,
Dio 11 1111111111 1111111111,
1111111111 0111111111 11111,

Bam 11 1111113111 1111 1111111,

 

