288

’ IV. 818. .

16616 (munst 268*.

lappe 6166666111889. lv, 48. lap·
166 6. 66616. Β. 57. .

lappen 1116166. 6661661. 6661661
,6666116666 5, 90. ,

1666611 6. 16116 4, 56.

,16661661 adj. 1V. 569. 166661 546.

1661616 66161166 lV. 2.

laet 66116, 88. 95.

laten 16166. sin leben 1. 1. 89.

, 6166636161. 6. 3616. 66116166
6161161661 wie wmdo 666 666-
661661 11. 259. 256.

,161161 16166 1V. 220. up 1. 111.
261. ·

1616 6. 1666611111 11. 568. .

laven 1) 16166, 1666616 1.’ 172 ὃ.
2) 3611661189. 8116166 Β. 24.

161666666611 adj. 11. 256.

1166161111 66111. 21.

16616116166 m. 1661611166 1. 288.

1661113 Β. 50.

lection 1. 2, 284.

1666616 16666111. 48.

16613 (1663) 16]. 16611. 68.

1666 6661616. 1666 sin 661616 1.
4411174111. “

1666 6. 1166 5, 42 122 plur. 16661
116611

3 1661 adj. 1161, 66166. 1616661 11.

284. 1611 1. 26. 50. 54 comp.
lever 11. 280. 1661166 ιι. 1161-
6166 1, 69. 166111166ι.11611161
11. 461. 166116 1. 11616 1, 84.
1663661. 6611166 5, 122.
legen 111366 1876 5. &prus- 16611

16669). 6661666666 6636 “
,61 .

163366 16366. ι. 1116661611. 111. 482.
praet. 16666 2, 222.

1616111161 6. 161666111361 1. 20.

16156166 61666 lV. 674.

161666 1611661. 800.

1616 6. 161666 111. 441.

6661666666.

166661. IV. 72. 11, 60.

1663661. 11636 Β. 71.

1661116116 1. 270. .

161611 1) 161166 6. 666. ιι. 661. pm.
1821. 111220. 2) 1616661184.
206. 801. 111431452. 459. 2,
78. 85. , .

1661661. 1) 1616111111562. 2) 166361
2, 5155. 66). 66116616 1, 200.

161666 6. 161. 29. 189. 41 67.
11120.

16666613 661. 1. 884. .

161611. 16161 111490. 111. 149.

1616111661 1. Β. 56.

leviten, onem 66 1. 16666 2, 159.

1611661 (11666.) 1. 26811

lex 1. 1661166 lV. 402.

liberie 1. 1111161161 Β. 128.

1166606166 to 2665613 111. 47911

11611 6. 661 16616616 11611 616

, vernunst 1v. 892.

1161161613 adj. 1161116113 1101 ὃ.

11611111 661. 161611 I. 868 5.

116166166668, 110. 66 subtil (31611),
als wen 661 5661 66 (61666166)
1666 3611611111. 480.

11666 adv. 11666 dul 111. 151. 11666
611 1666666 2, 88.

1166111616111.11. 682.

1161116161111460. ι ,

1116. 1615 l. 240 ὃ. 6. 11. 177.

ligate IV. 61. 16166.

113366 1163666, 40.

111661316161, 6166, 361666, dat
166116 Ι1166 111 111171111445.
Ν8, 55. comp. 1116111295. 6661
11161 3616 316161 36166 8, 124.

like 666. 316161 lv, 463. '

1116616 3161616611 8, 109.

111 6. 16161666 1V. 268.

lille (616.) adj. 111. 2291 lv. 184.

linwand 1. 11. 625.

11666 oin 66116166 6661116166, 661661·
166 2, 41.

1166616 8, 55.

 

