0600000000. ’

ΠΙ. 439.
0111011111 adv. 0010010001 l, 45.

0010100 0010110100 Ι. 78.

011111ιο. 106011. 163. 166.

00160100 17. 616. 031. 0011000100.

00001 m. 0. v. 00110001.

00011001 adv. 0006011101 11. 170.

000000016101 m. Ι. 161*.

0011100101 01. 11001101 1163166.

00111οι, 00101601 sartor 1159160.
0011100001 1. 210*.

0001100 0010010100 Ι. 72. 731.
0011001100.

0061111 m. 0010011010, 1010011 Π. 85.
731. 0111061111.

0060111 conj. Ι. 297.

00600 06]. 00 0100101100 ΠΙ. 293.

0001 m. 11οι 000100 5, 99.

06111101 0011 Ι. 195. 030. 0161101. 0116.
01601.

0630 (063) 1. 00110100οΙΠ 211. 17.
951447. 0. 061.

00300 0103005, 79.

001601 ιιι. I. 17.

0011 pron. 10110 101. 19. Π. 35. 01111
Ι. 133. Β. 125126. 4, 153.

06110101. 9, 63.

’001100 06]. 30001000 ΙΠ. 231.

00110101 ιἰ. 0010100 2, 181.

0011111110 adv. 1. 283*. Π. 783. Β.
125. 10131. 0031. sometimes.
000110ιο Π. 271146. 01106010 11.

01.-00.
06001 Π. 282. ι. 011001.
061 1. 000118. 0. 0630.
060 00010 Β. 108.
mmmm
, 061 06]. 011οΒ57. 11, 55.
06100 nioben B. 108.
00011 ιιι. 1110100 4, 153.
0000 ιιι. zuber Π.460. ΙΠ. 141. Β.
100.
0000010110.ιο00101 Π. 6181.

’00000011 06]. 00001001. 00000010
001100 1611010010 1160101 6, 2.

301
000100 0010000 Π. 291. 17. 600. 01116.

0000001001,61. 0011100100 Π. 678. Ι

000011 01. 17. 64.
0000116101 m. 110101106101 0111,
00001 Π. 725.

0000110. 00100 111. 176. 8, 117. 9,

30.

00030101. IV. 626. 00011 1. 000301
7, 29.

speleu 11. 4.

001006010οΠ. 120.

0000100111 10.· Π. 61611

0010000, 3ιο1 00. 8, 75.

00110110. 00010101 9, 62.

00101100οιοο 31111010, pensitare 17.
403.

spise 1. Π. 155. 420. 17161.

00101 m. 1010, 000114, 66. 6, 100.
7, 35.

001100 1016110000, leid 0010 Ι. 431.
Br. w. 955. 0031. 10 00110.

0011011001 m. Π.599*. IV. 37*.

0011110116εο 06]. 4, 167.

0011110100101 06]. ΠΙ. 26.

006100 00010017. 104.

00610100 01. 0010110000 3, 62. 69. 90.

00000 m. 00001. 164.

0061111 adv. 0001100111. 163.

0106100011 m. 11. 702.

01006111 06]. Π. 333. 646.

0100110016 1. Π. 140. 147.

010110. 010117. 314.

0111110100 1. 96. 212. ΙΠ. 44. 2,176.
0000101101οη. y

01010 010100. 00 (101000 01. 101611-
000 aus 0010 7, 42. 10 juwer
wege st. 001 000101 0030 01010
11, 76. 10 der 3611011000 01.

’1. 45. 01. 01001. 0100000 1, 61.

0101100011 01. 0001001Π. 227.

010011 10. 0160 101. 31 6.

0100101. 3001001 Π. 370. 380.

01οι1 adj. IV. 498. 010110 dage
11111130 1010000011 1, 46.

0101 (01001) ιι. ornatus ΠΙ. 436. 01.

 

