1611111166

11111611661616, 69. ’

16116611661111. (rebe) 1. 10.

hund ιιι. 17. 478.

1166111161 61,111161116ι6111611 17. 687.

16666116611.1.66. »

11666111. 1161116, mongo 1. 346. 1, 8.
nit 16666116166116116 1. 76. 1,
112. bi 116666 11. 660.

1116161111111111116161111111,
1611116161 1. 3. 11. 81. 17. 391.

11111 1. 6161161661. 16 1166666661

.' 161 1. 1192. 16166 16161166 8,
190. 2168. ’ “

1161166116 t. 16111, 1166. 11. krigen

·· Ι. 364. 1661161161, 61611611

1616. inmun 16. 17. 632. plur.
16161 111286. 17. 301. 166161
111112161161. ⁴

11116161 n. 1161611616 11116.

1611166666161 deenen 6161116111 1.
w· .

161166 6161616166 6, 77.

16161661636161. klonkenroger 111.
460.

hasien-undeluekenpneknllhw.

161111 66]. h. 116 11. 4186

1611616. 6, 116. ’

1166111161 1167. einander 66
66 11. 6116661161 nn 16116 gehen
17. 688. 6611661- 161 16161666
17. 162. -

116161. 116111 111682·

116161 1. 1166111 6, 74. “

h'yeene 1. 1. 23111

161111 ergene 4, 166. 1111 16111 1111
11 1111 111111 1161111 111 3, 30. ’

idel 1111· 61111, 11661 17. 2. 1116,
1616666611 6, 32. 1111. genn.

- 1661116 4,83. 1661 gnei 4, 136.
1116161614, 146 1. 1661 1, 20.

, 761. 1116161611 1. 1661161 11. 403.
1116111611 11, 67.

ider 6166. 161161,661166111261.17.

· 600. idereen 6166. 1611666166
11. 621117. 266. 1661161617.

286

639. . ,. .

1111661. 11‚14*.· ’

ik' g. 161611. 611 116166111611 9, 83.

111. 1111. -16 11 1616616111111. 272.

1616611661 111611616112, 197.

1611111166 6. 661616 11. 461. 1611111166
111 6616111 11197. 111134.

16616666 6161161166 17. 269.

16611611 1111661111116611161113,’20.

166661 conj. 2, 19.

16616666 6161111166,116116161166617.
86. “

1611166666 11661666611161. 162.

1611166 1661611116, 16 111111 61111-
11166 Ι. 64. -

1616166166 2, 72.

ingenieur ιιι. 11. 677.

ingeven eingeben (111661) 1. 244.

ingeweide n. intentum 11664.

16611166 611661616611, 9.

16116166 61616166 17. 492.

161161116616166111111166 8, 166.

16166166 6161611166, -1111116 11. 853.

1611166 6161101617. 196.

1616161611 loger 1. 64. 11639. ’

161666166111 1. 464

16666166 6166616161111661) 1. 240.
11634111116. , .

1666111616611.64. ’

1611166 numennumen.. ’

161 6166111, 61611 2, 42. 92. 162. 3, 2.
8, 31. ’

16161166166 1. 246. 11649. - 1

161116666 1161616166 111. 434.

1611166611 161. 6116116611 10,18.

161666 6111166611666 17. 607.

1611161 1111. 66111161 B. 16.

inventarium n. 111. 827.

invention 1. 1178.

616661616111 361. 381.

11166 turbere li. 198.

111161 adj. 11486.

116. 611 11, 70.

11616 adj. 111616 17. 477.
1161111) 1111. 11. 787. 3) ,16111612641

 

